5.657	-0.000
5.657	-0.134
-7.431	0.081
-7.431	0.186
-7.431	0.274
-7.431	0.348
-7.431	0.406
-7.431	0.466
-7.431	0.531
-7.431	0.722
-7.431	0.436
-7.431	0.593
-7.431	0.683
-7.431	0.774
-7.431	0.854
-7.431	0.918
-7.431	0.988
-7.431	1.058
-7.431	1.261
-7.431	0.983
-7.431	1.137
-7.431	1.236
-7.431	1.316
-7.431	1.387
-7.433	1.451
-7.433	1.512
-7.433	1.570
-7.433	1.618
-7.433	1.687
-7.433	1.769
-7.433	1.892
-7.433	2.100
-7.433	1.967
-7.433	1.979
-7.433	1.978
-7.433	1.959
-7.433	1.959
-7.433	1.941
-7.433	1.895
-7.431	1.811
-7.431	2.154
-7.431	2.018
-7.431	2.039
-7.431	2.025
-7.431	2.023
-7.431	2.025
-7.431	2.000
-7.431	1.969
-7.431	1.866
-7.431	2.211
-7.431	2.086
-7.431	2.090
-7.431	2.079
-7.431	2.082
-7.431	2.076
-7.431	2.068
-7.430	2.071
-7.430	2.079
-7.430	2.076
-7.430	2.071
-7.430	2.069
-7.430	2.069
-7.430	2.057
-7.430	2.072
-7.430	2.061
-7.430	2.079
-7.430	2.075
-7.430	2.073
-7.430	2.074
-7.430	2.065
-7.430	2.072
-7.428	2.072
-7.428	2.070
-7.428	2.072
-7.428	2.074
-7.428	2.066
-7.428	2.071
-7.428	2.055
-7.428	2.076
-7.428	2.074
-7.428	2.059
-7.428	2.067
-7.428	2.217
-7.428	1.864
-7.428	1.950
-7.428	2.005
-7.428	2.020
-7.428	2.028
-7.483	2.016
-7.483	2.017
-7.483	2.012
-7.483	2.020
-7.483	2.161
-7.483	1.802
-7.483	1.901
-7.483	1.937
-7.483	1.953
-7.483	1.950
-7.483	1.955
-7.483	1.965
-7.483	1.961
-7.483	1.957
-7.483	1.960
-7.483	1.952
-7.485	1.949
-7.485	1.964
-7.485	1.960
-7.485	1.979
-7.485	1.954
-7.485	1.958
-7.485	1.953
-7.485	1.912
-7.485	1.812
-7.485	2.153
-7.485	2.173
-7.485	1.820
-7.485	1.901
-7.485	1.940
-7.485	1.963
-7.485	1.973
-7.485	1.945
-7.485	2.048
-7.485	1.614
-7.483	2.035
-7.483	1.940
-7.483	1.941
-7.483	2.099
-7.483	1.892
-7.483	1.628
-7.483	1.756
-7.483	1.810
-7.483	1.825
-7.483	1.836
-7.483	1.853
-7.483	1.835
-7.483	1.838
-7.483	1.834
-7.483	1.826
-7.485	1.841
-7.485	1.821
-7.485	1.825
-7.485	1.818
-7.485	1.805
-7.485	1.782
-7.485	1.680
-7.485	2.160
-7.485	1.691
-7.485	1.794
-7.485	1.821
-7.485	1.826
-7.485	1.802
-7.485	1.696
-7.485	2.037
-7.485	1.913
-7.485	1.890
-7.485	1.837
-7.486	1.685
-7.486	1.944
-7.486	2.155
-7.486	2.015
-7.486	2.022
-7.486	2.025
-7.486	2.014
-7.486	2.008
-7.486	2.029
-7.486	2.016
-7.486	2.032
-7.486	2.018
-7.486	2.023
-7.486	2.048
-7.486	2.032
-7.488	2.158
-7.488	1.814
-7.488	1.881
-7.488	2.013
-7.488	1.595
-7.488	2.042
-7.488	1.945
-7.488	1.961
-7.488	1.960
-7.488	1.968
-7.488	1.961
-7.488	1.957
-7.488	1.961
-7.488	1.942
-7.488	1.957
-7.488	1.943
-7.488	1.944
-7.488	1.949
-7.521	1.954
-7.521	1.943
-7.521	1.954
-7.521	1.963
-7.521	1.961
-7.521	2.088
-7.521	1.748
-7.521	1.846
-7.521	1.890
-7.521	1.901
-7.521	1.870
-7.521	1.858
-7.521	1.761
-7.521	2.068
-7.521	1.895
-7.520	1.812
-7.520	2.160
-7.520	2.016
-7.520	2.020
-7.520	2.022
-7.520	2.005
-7.520	2.006
-7.520	2.028
-7.520	2.016
-7.520	2.009
-7.520	2.030
-7.520	2.008
-7.520	2.033
-7.520	2.029
-7.520	2.015
-7.520	2.027
-7.520	2.032
-7.520	2.012
-7.518	1.988
-7.518	1.953
-7.518	1.872
-7.518	2.215
-7.518	2.073
-7.518	2.078
-7.518	2.076
-7.518	2.079
-7.518	2.060
-7.518	2.068
-7.518	2.089
-7.518	2.075
-7.518	2.070
-7.518	2.071
-7.517	2.077
-7.517	2.061
-7.517	2.066
-7.517	2.081
-7.517	2.064
-7.517	2.054
-7.517	2.070
-7.517	2.072
-7.517	2.057
-7.517	2.066
-7.517	2.069
-7.517	2.065
-7.517	2.070
-7.517	2.049
-7.517	2.068
-7.517	2.067
-7.517	2.074
-7.517	2.081
-7.515	2.065
-7.515	2.063
-7.515	2.072
-7.515	2.067
-7.515	2.065
-7.515	2.072
-7.515	2.078
-7.515	2.076
-7.515	2.067
-7.515	2.075
-7.515	2.076
-7.515	2.070
-7.515	2.061
-7.515	2.070
-7.515	2.074
-7.477	2.070
-7.477	2.068
-7.477	2.084
-7.477	2.080
-7.477	2.064
-7.477	2.079
-7.477	2.073
-7.477	2.065
-7.477	2.071
-7.477	2.080
-7.477	2.085
-7.477	2.070
-7.477	2.076
-7.477	2.071
-7.478	2.061
-7.478	2.071
-7.478	2.074
-7.478	2.066
-7.478	2.079
-7.478	2.067
-7.478	2.073
-7.478	2.065
-7.478	2.064
-7.478	2.062
-7.478	2.063
-7.478	2.062
-7.478	2.063
-7.478	2.072
-7.478	2.059
-7.478	2.060
-7.478	2.072
-7.480	2.074
-7.480	2.188
-7.480	1.851
-7.480	1.949
-7.480	1.983
-7.480	2.001
-7.480	2.008
-7.480	2.003
-7.480	2.001
-7.480	2.004
-7.480	2.006
-7.480	2.002
-7.480	1.993
-7.480	2.001
-7.480	1.988
-7.481	1.997
-7.481	1.996
-7.481	2.129
-7.481	1.796
-7.481	1.871
-7.481	1.919
-7.481	2.073
-7.481	1.739
-7.481	1.831
-7.481	1.864
-7.481	1.886
-7.481	1.890
-7.481	1.889
-7.481	1.877
-7.481	1.855
-7.481	1.818
-7.481	1.726
-7.481	2.063
-7.481	1.937
-7.480	1.926
-7.480	1.938
-7.480	1.926
-7.480	1.945
-7.480	1.939
-7.480	1.937
-7.480	1.933
-7.480	1.942
-7.480	1.940
-7.480	1.940
-7.480	1.944
-7.480	1.926
-7.480	1.889
-7.480	1.796
-7.480	2.136
-7.478	1.971
-7.478	1.941
-7.478	1.848
-7.478	2.186
-7.478	2.053
-7.478	2.064
-7.478	2.058
-7.478	2.060
-7.478	2.067
-7.478	2.056
-7.478	2.051
-7.478	2.057
-7.478	2.061
-7.478	2.063
-7.478	2.049
-7.478	2.075
-7.478	2.054
-7.480	2.062
-7.480	2.059
-7.480	2.063
-7.480	2.055
-7.480	2.054
-7.480	2.056
-7.480	2.066
-7.480	2.069
-7.480	2.064
-7.480	2.058
-7.480	2.061
-7.480	2.059
-7.480	2.054
-7.480	2.075
-7.480	2.062
-7.480	2.058
-7.480	2.072
-7.480	2.064
-7.480	2.052
-7.480	2.060
-7.480	2.058
-7.480	2.064
-7.480	2.063
-7.480	2.064
-7.480	2.056
-7.480	2.067
-7.480	2.063
-7.480	2.058
-7.480	2.053
-7.480	2.065
-7.480	2.061
-7.481	2.052
-7.481	2.049
-7.481	2.051
-7.481	2.048
-7.481	2.062
-7.481	2.057
-7.481	2.053
-7.481	2.054
-7.481	2.056
-7.481	2.055
-7.481	2.051
-7.481	2.065
-7.481	2.051
-7.481	2.051
-7.481	2.058
-7.481	2.052
-7.481	2.057
-7.481	2.068
-7.481	2.057
-7.481	2.053
-7.481	2.055
-7.481	2.058
-7.481	2.056
-7.481	2.063
-7.481	2.049
-7.481	2.059
-7.481	2.050
-7.481	2.053
-7.481	2.179
-7.481	1.837
-7.481	1.927
-7.481	1.981
-7.481	2.004
-7.483	2.017
-7.483	2.005
-7.483	2.019
-7.483	2.023
-7.483	2.035
-7.483	2.036
-7.483	2.036
-7.483	2.043
-7.483	2.036
-7.483	2.058
-7.483	2.056
-7.483	2.071
-7.483	2.074
-7.483	2.076
-7.485	2.062
-7.485	2.068
-7.485	2.078
-7.485	2.063
-7.485	2.073
-7.485	2.075
-7.485	2.069
-7.485	2.074
-7.485	2.086
-7.485	2.070
-7.485	2.015
-7.485	1.952
-7.485	2.297
-7.485	2.162
-7.485	2.149
-7.485	2.156
-7.485	2.165
-7.483	2.161
-7.483	2.158
-7.483	2.151
-7.483	2.150
-7.483	2.132
-7.483	2.142
-7.483	2.143
-7.483	2.127
-7.483	2.122
-7.483	2.120
-7.483	2.104
-7.483	2.083
-7.483	2.093
-7.483	2.098
-7.483	2.094
-7.485	2.087
-7.485	2.109
-7.485	2.111
-7.485	2.122
-7.485	2.255
-7.485	1.895
-7.485	1.993
-7.485	2.038
-7.485	2.046
-7.485	2.034
-7.485	2.025
-7.485	2.021
-7.485	2.025
-7.485	2.030
-7.485	2.016
-7.485	2.012
-7.485	1.998
-7.485	1.992
-7.486	1.983
-7.486	1.988
-7.486	1.964
-7.486	1.963
-7.486	1.976
-7.486	1.960
-7.486	1.975
-7.486	1.967
-7.486	1.985
-7.486	1.973
-7.486	1.976
-7.486	1.977
-7.486	1.980
-7.486	1.965
-7.486	1.940
-7.488	1.903
-7.488	1.814
-7.488	2.157
-7.488	2.012
-7.488	2.029
-7.488	2.025
-7.488	2.037
-7.488	2.060
-7.488	2.064
-7.488	2.060
-7.488	2.046
-7.488	2.057
-7.488	2.071
-7.488	2.077
-7.488	2.090
-7.488	2.106
-7.488	2.109
-7.486	2.127
-7.486	2.129
-7.486	2.132
-7.486	2.141
-7.486	2.122
-7.486	2.159
-7.486	2.153
-7.486	2.157
-7.486	2.159
-7.486	2.171
-7.486	2.175
-7.486	2.173
-7.486	2.323
-7.486	1.956
-7.486	2.052
-7.486	2.119
-7.437	2.131
-7.437	2.129
-7.437	2.140
-7.437	2.132
-7.437	2.116
-7.437	2.116
-7.437	2.117
-7.437	2.122
-7.437	2.122
-7.437	2.118
-7.437	2.109
-7.437	2.101
-7.437	2.094
-7.437	2.107
-7.437	2.102
-7.437	2.108
-7.437	2.110
-7.437	2.107
-7.439	2.116
-7.439	2.100
-7.439	2.109
-7.439	2.096
-7.439	2.101
-7.439	2.097
-7.439	2.069
-7.439	2.034
-7.439	1.927
-7.439	2.285
-7.439	2.161
-7.439	2.141
-7.439	2.138
-7.439	2.138
-7.440	2.124
-7.440	2.117
-7.440	2.124
-7.440	2.133
-7.440	2.134
-7.440	2.136
-7.440	2.127
-7.440	2.129
-7.440	2.132
-7.440	2.122
-7.440	2.129
-7.440	2.122
-7.440	2.120
-7.440	2.112
-7.440	2.114
-7.440	2.126
-7.440	2.110
-7.440	2.113
-7.439	2.122
-7.439	2.129
-7.439	2.121
-7.439	2.114
-7.439	2.124
-7.439	2.122
-7.439	2.135
-7.439	2.134
-7.439	2.127
-7.439	2.129
-7.439	2.130
-7.439	2.136
-7.439	2.142
-7.439	2.143
-7.439	2.149
-7.437	2.149
-7.437	2.141
-7.437	2.138
-7.437	2.136
-7.437	2.136
-7.437	2.149
-7.437	2.157
-7.437	2.157
-7.437	2.157
-7.437	2.159
-7.437	2.159
-7.437	2.150
-7.437	2.143
-7.437	2.150
-7.437	2.156
-7.437	2.146
-7.437	2.163
-7.436	2.152
-7.436	2.162
-7.436	2.160
-7.436	2.161
-7.436	2.157
-7.436	2.165
-7.436	2.162
-7.436	2.166
-7.436	2.175
-7.436	2.169
-7.436	2.183
-7.436	2.186
-7.436	2.184
-7.436	2.186
-7.434	2.196
-7.434	2.193
-7.434	2.204
-7.434	2.212
-7.434	2.213
-7.434	2.199
-7.434	2.199
-7.434	2.197
-7.434	2.198
-7.434	2.207
-7.434	2.207
-7.434	2.212
-7.434	2.223
-7.434	2.200
-7.434	2.208
-7.434	2.201
-7.434	2.210
-7.376	2.191
-7.376	2.200
-7.376	2.198
-7.376	2.206
-7.376	2.208
-7.376	2.204
-7.376	2.188
-7.376	2.190
-7.376	2.200
-7.376	2.193
-7.376	2.191
-7.376	2.190
-7.376	2.190
-7.376	2.187
-7.376	2.185
-7.311	2.180
-7.311	2.171
-7.311	2.167
-7.311	2.170
-7.311	2.170
-7.311	2.175
-7.311	2.159
-7.311	2.162
-7.311	2.166
-7.311	2.160
-7.311	2.151
-7.311	2.162
-7.311	2.162
-7.311	2.164
-7.311	2.171
-7.311	2.181
-7.311	2.168
-7.124	2.167
-7.124	2.174
-7.124	2.157
-7.124	2.167
-7.124	2.175
-7.124	2.169
-7.124	2.163
-7.124	2.161
-7.124	2.172
-7.124	2.164
-7.124	2.168
-7.124	2.157
-7.124	2.165
-7.124	2.148
-6.950	2.151
-6.950	2.158
-6.950	2.157
-6.950	2.146
-6.950	2.149
-6.950	2.169
-6.950	2.152
-6.950	2.147
-6.950	2.159
-6.950	2.158
-6.950	2.166
-6.950	2.160
-6.950	2.163
-6.950	2.160
-6.950	2.160
-6.950	2.166
-6.950	2.160
-6.950	2.163
-6.891	2.170
-6.891	2.165
-6.891	2.185
-6.891	2.180
-6.891	2.188
-6.891	2.196
-6.891	2.192
-6.891	2.197
-6.891	2.205
-6.891	2.212
-6.891	2.364
-6.891	2.145
-6.891	1.867
-6.891	2.005
-6.891	2.075
-6.891	2.113
-7.010	2.129
-7.010	2.110
-7.010	2.139
-7.010	2.139
-7.010	2.140
-7.010	2.140
-7.010	2.135
-7.010	2.127
-7.010	2.145
-7.010	2.132
-7.010	2.144
-7.010	2.162
-7.010	2.164
-7.010	2.154
-7.010	2.165
-7.010	2.172
-7.010	2.168
-7.283	2.178
-7.283	2.180
-7.283	2.344
-7.283	1.959
-7.283	2.051
-7.283	2.060
-7.283	2.021
-7.283	1.872
-7.283	2.152
-7.283	2.383
-7.283	2.246
-7.283	2.237
-7.283	2.236
-7.283	2.231
-7.283	2.230
-7.619	2.202
-7.619	2.207
-7.619	2.203
-7.619	2.201
-7.619	2.198
-7.619	2.221
-7.619	2.195
-7.619	2.201
-7.619	2.186
-7.619	2.186
-7.619	2.171
-7.619	2.170
-7.619	2.186
-7.619	2.178
-7.619	2.160
-7.962	2.154
-7.962	2.095
-7.962	1.982
-7.962	2.353
-7.962	2.214
-7.962	2.200
-7.962	2.195
-7.962	2.205
-7.962	2.202
-7.962	2.196
-7.962	2.321
-7.962	1.967
-7.962	2.056
-7.962	2.081
-7.962	2.115
-7.962	2.127
-7.962	2.124
-8.034	2.113
-8.034	2.120
-8.034	2.112
-8.034	2.096
-8.034	2.092
-8.034	2.094
-8.034	2.097
-8.034	2.080
-8.034	2.090
-8.034	2.080
-8.034	2.069
-8.034	2.072
-8.034	2.073
-8.034	2.065
-8.034	2.059
-8.034	2.058
-7.997	2.070
-7.997	2.043
-7.997	2.054
-7.997	2.038
-7.997	2.013
-7.997	1.989
-7.997	1.953
-7.997	1.853
-7.997	2.207
-7.997	2.042
-7.997	2.049
-7.997	2.036
-7.997	2.025
-7.997	2.018
-7.997	2.029
-7.997	1.997
-7.654	1.987
-7.654	1.999
-7.654	2.000
-7.654	1.989
-7.654	1.961
-7.654	1.987
-7.654	1.980
-7.654	1.965
-7.654	1.965
-7.654	1.978
-7.654	1.954
-7.654	1.943
-7.654	1.978
-7.654	1.971
-7.654	1.958
-7.068	1.963
-7.068	1.972
-7.068	1.969
-7.068	1.976
-7.068	1.987
-7.068	1.983
-7.068	1.978
-7.068	1.975
-7.068	2.120
-7.068	1.788
-7.068	1.870
-7.068	1.907
-7.068	1.938
-7.068	1.938
-7.068	1.973
-7.068	1.961
-7.068	1.951
-7.068	1.959
-6.719	1.964
-6.719	1.972
-6.719	1.944
-6.719	1.967
-6.719	1.978
-6.719	1.956
-6.719	1.963
-6.719	1.990
-6.719	1.990
-6.719	1.974
-6.719	1.981
-6.719	1.988
-6.719	1.986
-6.719	1.985
-6.340	1.996
-6.340	2.000
-6.340	1.989
-6.340	1.983
-6.340	1.975
-6.340	1.932
-6.340	1.985
-6.340	1.975
-6.340	1.945
-6.340	1.995
-6.340	2.007
-6.340	2.003
-6.340	2.009
-6.340	2.012
-6.340	2.005
-6.340	1.998
-6.340	2.002
-6.340	2.000
-6.302	1.998
-6.302	2.010
-6.302	2.021
-6.302	2.020
-6.302	2.003
-6.302	2.012
-6.302	2.010
-6.302	1.995
-6.302	2.022
-6.302	2.032
-6.302	2.023
-6.302	2.017
-6.302	2.030
-6.302	2.011
-6.302	1.998
-6.304	1.996
-6.304	1.994
-6.304	1.952
-6.304	1.855
-6.304	2.201
-6.304	2.067
-6.304	2.045
-6.304	2.030
-6.304	2.046
-6.304	2.027
-6.304	2.033
-6.304	2.028
-6.304	2.014
-6.304	1.991
-6.304	1.995
-6.304	1.987
-6.304	1.956
-6.102	1.958
-6.102	1.948
-6.102	1.935
-6.102	1.921
-6.102	1.914
-6.102	1.902
-6.102	1.867
-6.102	1.863
-6.102	1.858
-6.102	1.835
-6.102	1.819
-6.102	1.817
-6.102	1.818
-6.102	1.800
-5.667	1.762
-5.667	1.753
-5.667	1.742
-5.667	1.730
-5.667	1.706
-5.667	1.703
-5.667	1.706
-5.667	1.684
-5.667	1.656
-5.667	1.658
-5.667	1.633
-5.667	1.627
-5.667	1.644
-5.667	1.625
-5.667	1.624
-5.667	1.621
-5.667	1.605
-5.667	1.595
-5.158	1.601
-5.158	1.590
-5.158	1.595
-5.158	1.590
-5.158	1.593
-5.158	1.575
-5.158	1.583
-5.158	1.581
-5.158	1.564
-5.158	1.678
-5.158	1.402
-5.158	1.480
-5.158	1.530
-5.158	1.536
-5.158	1.535
-5.158	1.533
-5.156	1.550
-5.156	1.543
-5.156	1.538
-5.156	1.538
-5.156	1.547
-5.156	1.540
-5.156	1.553
-5.156	1.552
-5.156	1.543
-5.156	1.548
-5.156	1.554
-5.156	1.546
-5.156	1.550
-5.156	1.558
-5.156	1.559
-5.156	1.544
-5.156	1.536
-5.158	1.649
-5.158	1.384
-5.158	1.455
-5.158	1.464
-5.158	1.473
-5.158	1.447
-5.158	1.366
-5.158	1.622
-5.158	1.506
-5.158	1.503
-5.158	1.493
-5.158	1.474
-5.158	1.480
-5.158	1.465
-5.158	1.461
-4.996	1.443
-4.996	1.441
-4.996	1.433
-4.996	1.418
-4.996	1.412
-4.996	1.413
-4.996	1.402
-4.996	1.400
-4.996	1.378
-4.996	1.368
-4.996	1.354
-4.996	1.351
-4.996	1.320
-4.996	1.333
-4.996	1.289
-4.996	1.201
-4.996	1.449
-4.996	1.342
-4.704	1.333
-4.704	1.323
-4.704	1.309
-4.704	1.305
-4.704	1.304
-4.704	1.293
-4.704	1.270
-4.704	1.285
-4.704	1.281
-4.704	1.250
-4.704	1.250
-4.704	1.246
-4.704	1.230
-4.704	1.224
-4.369	1.223
-4.369	1.201
-4.369	1.205
-4.369	1.195
-4.369	1.185
-4.369	1.179
-4.369	1.177
-4.369	1.171
-4.369	1.170
-4.369	1.164
-4.369	1.166
-4.369	1.149
-4.369	1.149
-4.369	1.140
-4.369	1.147
-4.369	1.132
-4.369	1.134
-4.030	1.128
-4.030	1.141
-4.030	1.134
-4.030	1.130
-4.030	1.128
-4.030	1.140
-4.030	1.126
-4.030	1.140
-4.030	1.145
-4.030	1.144
-4.030	1.141
-4.030	1.151
-4.030	1.140
-4.030	1.150
-4.030	1.167
-4.028	1.158
-4.028	1.168
-4.028	1.165
-4.028	1.174
-4.028	1.176
-4.028	1.196
-4.028	1.188
-4.028	1.181
-4.028	1.179
-4.028	1.180
-4.028	1.187
-4.028	1.185
-4.028	1.167
-4.028	1.175
-4.028	1.166
-4.028	1.149
-4.028	1.130
-4.030	1.132
-4.030	1.132
-4.030	1.135
-4.030	1.106
-4.030	1.119
-4.030	1.103
-4.030	1.080
-4.030	1.076
-4.030	1.066
-4.030	1.046
-4.030	1.065
-4.030	1.046
-4.030	1.011
-4.030	1.018
-4.030	1.002
-3.674	0.989
-3.674	0.975
-3.674	0.968
-3.674	0.925
-3.674	0.915
-3.674	0.923
-3.674	0.950
-3.674	0.815
-3.674	0.825
-3.674	0.822
-3.674	0.816
-3.674	0.795
-3.674	0.798
-3.674	0.791
-3.674	0.789
-3.674	0.771
-3.674	0.760
-3.296	0.729
-3.296	0.744
-3.296	0.692
-3.296	0.686
-3.296	0.680
-3.296	0.667
-3.296	0.654
-3.296	0.657
-3.296	0.610
-3.296	0.593
-3.296	0.613
-3.296	0.576
-3.296	0.561
-3.296	0.554
-3.296	0.552
-2.847	0.530
-2.847	0.528
-2.847	0.520
-2.847	0.481
-2.847	0.448
-2.847	0.579
-2.847	0.452
-2.847	0.469
-2.847	0.475
-2.847	0.464
-2.847	0.452
-2.847	0.467
-2.847	0.454
-2.847	0.448
-2.847	0.431
-2.847	0.448
-2.847	0.428
-2.847	0.446
-2.608	0.435
-2.608	0.448
-2.608	0.429
-2.608	0.429
-2.608	0.424
-2.608	0.445
-2.608	0.438
-2.608	0.419
-2.608	0.447
-2.608	0.448
-2.608	0.450
-2.608	0.438
-2.608	0.461
-2.608	0.458
-2.606	0.449
-2.606	0.447
-2.606	0.441
-2.606	0.427
-2.606	0.502
-2.606	0.482
-2.606	0.469
-2.606	0.484
-2.606	0.481
-2.606	0.469
-2.606	0.475
-2.606	0.489
-2.606	0.482
-2.606	0.482
-2.606	0.483
-2.606	0.467
-2.606	0.487
-2.644	0.484
-2.644	0.480
-2.644	0.483
-2.644	0.462
-2.644	0.460
-2.644	0.454
-2.644	0.448
-2.644	0.430
-2.644	0.439
-2.644	0.424
-2.644	0.418
-2.644	0.432
-2.644	0.387
-2.644	0.390
-2.644	0.382
-2.644	0.371
-2.644	0.375
-2.536	0.345
-2.536	0.336
-2.536	0.337
-2.536	0.326
-2.536	0.294
-2.536	0.291
-2.536	0.289
-2.536	0.257
-2.536	0.256
-2.536	0.242
-2.536	0.235
-2.536	0.225
-2.536	0.191
-2.536	0.165
-2.536	0.163
-2.536	0.148
-2.536	0.135
-2.115	0.131
-2.115	0.125
-2.115	0.121
-2.115	0.111
-2.115	0.083
-2.115	0.080
-2.115	0.063
-2.115	0.032
-2.115	0.051
-2.115	0.028
-2.115	0.023
-2.115	-0.003
-2.115	-0.029
-2.115	-0.023
-2.115	-0.042
-1.860	-0.064
-1.860	-0.080
-1.860	-0.082
-1.860	-0.091
-1.860	-0.115
-1.860	-0.118
-1.860	-0.128
-1.860	-0.143
-1.860	-0.142
-1.860	-0.154
-1.860	-0.167
-1.860	-0.137
-1.860	-0.159
-1.860	-0.169
-1.860	-0.159
-1.860	-0.189
-1.860	-0.188
-1.860	-0.207
-1.506	-0.197
-1.506	-0.193
-1.506	-0.194
-1.506	-0.210
-1.506	-0.218
-1.506	-0.203
-1.506	-0.202
-1.506	-0.211
-1.506	-0.201
-1.506	-0.200
-1.506	-0.206
-1.506	-0.204
-1.506	-0.186
-1.506	-0.183
-1.508	-0.188
-1.508	-0.184
-1.508	-0.173
-1.508	-0.163
-1.508	-0.171
-1.508	-0.169
-1.508	-0.165
-1.508	-0.168
-1.508	-0.149
-1.508	-0.184
-1.508	-0.160
-1.508	-0.165
-1.508	-0.160
-1.508	-0.150
-1.508	-0.148
-1.506	-0.151
-1.506	-0.149
-1.506	-0.152
-1.506	-0.156
-1.506	-0.146
-1.506	-0.147
-1.506	-0.148
-1.506	-0.155
-1.506	-0.158
-1.506	-0.171
-1.506	-0.164
-1.506	-0.171
-1.506	-0.185
-1.506	-0.209
-1.506	-0.203
-1.508	-0.220
-1.508	-0.233
-1.508	-0.237
-1.508	-0.263
-1.508	-0.261
-1.508	-0.270
-1.508	-0.294
-1.508	-0.295
-1.508	-0.311
-1.508	-0.325
-1.508	-0.345
-1.508	-0.368
-1.508	-0.394
-1.508	-0.414
-1.508	-0.423
-1.508	-0.444
-1.508	-0.473
-1.172	-0.489
-1.172	-0.525
-1.172	-0.546
-1.172	-0.549
-1.172	-0.589
-1.172	-0.614
-1.172	-0.627
-1.172	-0.636
-1.172	-0.671
-1.172	-0.702
-1.172	-0.726
-1.172	-0.723
-1.172	-0.768
-1.172	-0.758
-1.172	-0.797
-0.739	-0.804
-0.739	-0.818
-0.739	-0.846
-0.739	-0.869
-0.739	-0.872
-0.739	-0.899
-0.739	-0.914
-0.739	-0.929
-0.739	-0.941
-0.739	-0.946
-0.739	-0.971
-0.739	-0.972
-0.739	-0.999
-0.739	-0.994
-0.739	-1.022
-0.739	-1.016
-0.739	-1.018
-0.420	-1.025
-0.420	-1.044
-0.420	-1.038
-0.420	-1.044
-0.420	-1.051
-0.420	-1.071
-0.420	-1.127
-0.420	-0.941
-0.420	-1.002
-0.420	-1.027
-0.420	-1.020
-0.420	-1.029
-0.420	-1.030
-0.420	-1.041
-0.420	-1.023
-0.420	-1.029
-0.420	-1.028
-0.420	-1.029
-0.418	-1.013
-0.418	-1.024
-0.418	-1.023
-0.418	-1.027
-0.418	-1.017
-0.418	-1.011
-0.418	-1.017
-0.418	-1.013
-0.418	-1.013
-0.418	-0.993
-0.418	-0.999
-0.418	-1.002
-0.418	-1.004
-0.418	-1.005
-0.418	-1.010
-0.420	-1.002
-0.420	-0.995
-0.420	-0.973
-0.420	-0.943
-0.420	-1.137
-0.420	-1.064
-0.420	-1.058
-0.420	-1.068
-0.420	-1.093
-0.420	-1.074
-0.420	-1.081
-0.420	-1.115
-0.420	-1.113
-0.420	-1.109
-0.420	-1.128
-0.420	-1.162
-0.316	-1.152
-0.316	-1.165
-0.316	-1.192
-0.316	-1.217
-0.316	-1.216
-0.316	-1.243
-0.316	-1.265
-0.316	-1.285
-0.316	-1.306
-0.316	-1.353
-0.316	-1.370
-0.316	-1.379
-0.316	-1.407
-0.316	-1.440
-0.316	-1.471
0.087	-1.488
0.087	-1.524
0.087	-1.547
0.087	-1.538
0.087	-1.589
0.087	-1.637
0.087	-1.635
0.087	-1.660
0.087	-1.710
0.087	-1.732
0.087	-1.739
0.087	-1.788
0.087	-1.819
0.087	-1.838
0.087	-1.852
0.087	-1.900
0.087	-1.901
0.560	-1.925
0.560	-1.945
0.560	-1.975
0.560	-1.975
0.560	-1.985
0.560	-2.015
0.560	-2.034
0.560	-2.030
0.560	-2.046
0.560	-2.066
0.560	-2.083
0.560	-2.069
0.560	-2.084
0.560	-2.100
0.560	-2.093
0.768	-2.242
0.768	-1.911
0.768	-1.982
0.768	-2.031
0.768	-2.054
0.768	-2.065
0.768	-2.059
0.768	-2.065
0.768	-2.200
0.768	-1.835
0.768	-1.929
0.768	-1.965
0.768	-1.984
0.768	-2.110
0.768	-1.908
0.768	-1.631
0.768	-1.771
0.768	-1.822
0.768	-1.838
0.735	-1.853
0.735	-1.843
0.735	-1.843
0.735	-1.840
0.735	-1.844
0.735	-1.846
0.735	-1.818
0.735	-1.830
0.735	-1.829
0.735	-1.808
0.735	-1.763
0.735	-1.671
0.735	-2.013
0.735	-1.890
0.737	-1.881
0.737	-1.890
0.737	-1.884
0.737	-1.879
0.737	-1.846
0.737	-1.775
0.737	-2.118
0.737	-1.975
0.737	-1.971
0.737	-1.904
0.737	-1.784
0.737	-2.061
0.737	-2.286
0.737	-2.139
0.737	-2.148
0.737	-2.173
0.737	-2.185
0.737	-2.184
0.739	-2.213
0.739	-2.224
0.739	-2.229
0.739	-2.236
0.739	-2.274
0.739	-2.289
0.739	-2.287
0.739	-2.320
0.739	-2.348
0.739	-2.360
0.739	-2.397
0.739	-2.420
0.739	-2.459
0.739	-2.469
0.739	-2.499
1.109	-2.523
1.109	-2.535
1.109	-2.555
1.109	-2.601
1.109	-2.623
1.109	-2.630
1.109	-2.663
1.109	-2.687
1.109	-2.694
1.109	-2.721
1.109	-2.754
1.109	-2.780
1.109	-2.798
1.109	-2.813
1.109	-2.856
1.526	-3.049
1.526	-2.553
1.526	-2.729
1.526	-2.814
1.526	-2.840
1.526	-2.872
1.526	-2.888
1.526	-2.895
1.526	-2.912
1.526	-2.924
1.526	-2.929
1.526	-2.921
1.526	-2.932
1.526	-2.942
1.526	-2.941
1.526	-2.954
1.526	-2.965
1.689	-3.171
1.689	-2.656
1.689	-2.803
1.689	-2.857
1.689	-2.904
1.689	-2.910
1.689	-2.917
1.689	-2.920
1.689	-2.918
1.689	-2.914
1.689	-2.899
1.689	-2.877
1.689	-2.805
1.689	-2.685
1.689	-3.202
1.689	-2.993
1.689	-2.984
1.689	-2.987
1.691	-2.984
1.691	-2.985
1.691	-2.980
1.691	-2.982
1.691	-2.981
1.691	-2.980
1.691	-2.980
1.691	-2.982
1.691	-2.986
1.691	-2.973
1.691	-2.947
1.691	-2.870
1.691	-2.733
1.691	-3.249
1.691	-3.046
1.689	-3.054
1.689	-3.049
1.689	-3.050
1.689	-3.041
1.689	-3.046
1.689	-3.040
1.689	-3.037
1.689	-3.047
1.689	-3.044
1.689	-3.052
1.689	-3.046
1.689	-3.048
1.689	-3.031
1.689	-3.042
1.689	-3.050
1.689	-3.058
1.689	-3.063
1.691	-3.070
1.691	-3.075
1.691	-3.085
1.691	-3.089
1.691	-3.109
1.691	-3.099
1.691	-3.120
1.691	-3.127
1.691	-3.146
1.691	-3.172
1.691	-3.171
1.691	-3.189
1.691	-3.199
1.691	-3.221
1.801	-3.220
1.801	-3.227
1.801	-3.252
1.801	-3.259
1.801	-3.276
1.801	-3.286
1.801	-3.289
1.801	-3.309
1.801	-3.305
1.801	-3.320
1.801	-3.345
1.801	-3.360
1.801	-3.371
1.801	-3.373
1.801	-3.393
1.801	-3.413
1.801	-3.414
1.988	-3.415
1.988	-3.441
1.988	-3.454
1.988	-3.459
1.988	-3.484
1.988	-3.488
1.988	-3.497
1.988	-3.505
1.988	-3.522
1.988	-3.538
1.988	-3.550
1.988	-3.571
1.988	-3.572
1.988	-3.596
1.988	-3.612
1.988	-3.611
2.112	-3.623
2.112	-3.643
2.112	-3.643
2.112	-3.667
2.112	-3.673
2.112	-3.699
2.112	-3.706
2.112	-3.702
2.112	-3.731
2.112	-3.728
2.112	-3.749
2.112	-3.740
2.112	-3.758
2.112	-3.767
2.112	-3.784
2.112	-3.775
2.112	-3.788
2.296	-3.786
2.296	-3.781
2.296	-3.792
2.296	-3.794
2.296	-3.806
2.296	-3.809
2.296	-3.807
2.296	-3.798
2.296	-3.806
2.296	-3.794
2.296	-3.800
2.296	-3.795
2.296	-3.788
2.296	-3.798
2.296	-3.786
2.298	-3.798
2.298	-3.783
2.298	-3.792
2.298	-3.780
2.298	-3.786
2.298	-3.787
2.298	-3.778
2.298	-3.786
2.298	-3.770
2.298	-3.779
2.298	-3.765
2.298	-3.761
2.298	-3.772
2.298	-3.762
2.298	-3.746
2.298	-3.761
2.300	-3.771
2.300	-3.767
2.300	-3.768
2.300	-3.756
2.300	-3.759
2.300	-3.760
2.300	-3.768
2.300	-3.762
2.300	-3.774
2.300	-3.773
2.300	-3.782
2.300	-3.793
2.300	-3.786
2.300	-3.797
2.300	-4.068
2.300	-3.412
2.298	-3.592
2.298	-3.689
2.298	-3.721
2.298	-3.736
2.298	-3.749
2.298	-3.761
2.298	-3.763
2.298	-3.777
2.298	-3.788
2.298	-3.815
2.298	-3.810
2.298	-3.822
2.298	-3.847
2.298	-3.857
2.298	-3.864
2.298	-3.872
2.298	-3.906
2.513	-3.913
2.513	-3.941
2.513	-3.972
2.513	-4.262
2.513	-3.560
2.513	-3.763
2.513	-3.855
2.513	-3.922
2.513	-3.930
2.513	-3.922
2.513	-3.858
2.513	-3.688
2.513	-4.372
2.513	-4.118
2.513	-4.122
2.684	-4.140
2.684	-4.168
2.684	-4.170
2.684	-4.176
2.684	-4.216
2.684	-4.220
2.684	-4.238
2.684	-4.259
2.684	-4.274
2.684	-4.305
2.684	-4.304
2.684	-4.329
2.684	-4.347
2.684	-4.364
2.684	-4.377
2.684	-4.383
2.684	-4.352
2.684	-4.289
2.907	-4.107
2.907	-4.832
2.907	-4.575
2.907	-4.573
2.907	-4.577
2.907	-4.601
2.907	-4.602
2.907	-4.610
2.907	-4.610
2.907	-4.610
2.907	-4.631
2.907	-4.632
2.907	-4.629
2.907	-4.633
2.907	-4.652
3.006	-4.659
3.006	-4.645
3.006	-4.645
3.006	-4.649
3.006	-4.642
3.006	-4.646
3.006	-4.644
3.006	-4.659
3.006	-4.646
3.006	-4.652
3.006	-4.655
3.006	-4.649
3.006	-4.641
3.006	-4.650
3.006	-4.638
3.006	-4.640
3.006	-4.633
3.005	-4.625
3.005	-4.641
3.005	-4.624
3.005	-4.624
3.005	-4.619
3.005	-4.622
3.005	-4.622
3.005	-4.631
3.005	-4.623
3.005	-4.619
3.005	-4.621
3.005	-4.619
3.005	-4.627
3.005	-4.634
3.005	-4.642
3.006	-4.643
3.006	-4.650
3.006	-4.650
3.006	-4.649
3.006	-4.648
3.006	-4.654
3.006	-4.667
3.006	-4.682
3.006	-4.679
3.006	-4.682
3.006	-4.701
3.006	-4.697
3.006	-4.705
3.006	-4.718
3.006	-4.735
3.006	-4.751
3.006	-4.752
3.059	-4.788
3.059	-4.784
3.059	-4.804
3.059	-4.805
3.059	-4.840
3.059	-4.847
3.059	-4.862
3.059	-4.884
3.059	-4.901
3.059	-4.918
3.059	-4.927
3.059	-4.932
3.059	-4.935
3.059	-4.967
3.059	-4.972
3.218	-4.987
3.218	-5.016
3.218	-5.026
3.218	-5.040
3.218	-5.045
3.218	-5.391
3.218	-4.538
3.218	-4.790
3.218	-4.904
3.218	-4.955
3.218	-4.979
3.218	-5.003
3.218	-5.008
3.218	-5.024
3.218	-5.043
3.218	-5.027
3.218	-5.050
3.423	-5.049
3.423	-5.068
3.423	-5.063
3.423	-5.081
3.423	-5.446
3.423	-4.563
3.423	-4.798
3.423	-4.906
3.423	-4.963
3.423	-4.989
3.423	-5.017
3.423	-5.007
3.423	-5.018
3.423	-5.023
3.423	-5.019
3.532	-4.998
3.532	-4.950
3.532	-4.861
3.532	-4.639
3.532	-5.518
3.532	-5.172
3.532	-5.183
3.532	-5.168
3.532	-5.189
3.532	-5.185
3.532	-5.191
3.532	-5.193
3.532	-5.194
3.532	-5.210
3.532	-5.204
3.532	-5.203
3.532	-5.187
3.532	-5.137
3.534	-5.032
3.534	-4.789
3.534	-5.685
3.534	-5.341
3.534	-5.336
3.534	-5.334
3.534	-5.334
3.534	-5.324
3.534	-5.327
3.534	-5.322
3.534	-5.313
3.534	-5.311
3.534	-5.328
3.534	-5.328
3.532	-5.317
3.532	-5.312
3.532	-5.308
3.532	-5.310
3.532	-5.299
3.532	-5.315
3.532	-5.315
3.532	-5.319
3.532	-5.313
3.532	-5.322
3.532	-5.318
3.532	-5.313
3.532	-5.327
3.532	-5.346
3.532	-5.332
3.532	-5.353
3.532	-5.352
3.560	-5.352
3.560	-5.358
3.560	-5.363
3.560	-5.372
3.560	-5.375
3.560	-5.388
3.560	-5.401
3.560	-5.418
3.560	-5.416
3.560	-5.436
3.560	-5.439
3.560	-5.810
3.560	-4.884
3.560	-5.153
3.560	-5.270
3.560	-5.326
3.612	-5.355
3.612	-5.372
3.612	-5.389
3.612	-5.384
3.612	-5.394
3.612	-5.410
3.612	-5.406
3.612	-5.424
3.612	-5.437
3.612	-5.433
3.612	-5.431
3.612	-5.460
3.612	-5.463
3.612	-5.485
3.612	-5.502
3.612	-5.513
3.612	-5.526
3.749	-5.547
3.749	-5.562
3.749	-5.573
3.749	-5.581
3.749	-5.590
3.749	-5.594
3.749	-5.558
3.749	-5.470
3.749	-5.228
3.749	-6.194
3.749	-5.824
3.749	-5.842
3.749	-5.852
3.749	-5.858
3.749	-5.873
3.883	-5.883
3.883	-5.889
3.883	-5.914
3.883	-5.927
3.883	-5.926
3.883	-5.930
3.883	-5.946
3.883	-5.959
3.883	-5.973
3.883	-5.975
3.883	-5.968
3.883	-5.974
3.883	-5.987
3.883	-5.989
3.883	-6.002
3.883	-6.001
4.034	-6.005
4.034	-6.018
4.034	-6.024
4.034	-6.018
4.034	-6.029
4.034	-6.038
4.034	-6.033
4.034	-6.037
4.034	-6.016
4.034	-6.039
4.034	-6.028
4.034	-6.031
4.034	-6.030
4.034	-6.023
4.034	-6.029
4.034	-6.031
4.002	-6.006
4.002	-6.011
4.002	-6.024
4.002	-6.027
4.002	-6.002
4.002	-6.012
4.002	-5.995
4.002	-6.002
4.002	-6.006
4.002	-6.007
4.002	-5.996
4.002	-6.007
4.002	-5.999
4.002	-6.006
4.002	-6.008
4.002	-5.991
4.002	-6.001
4.004	-6.000
4.004	-6.001
4.004	-6.004
4.004	-6.004
4.004	-6.015
4.004	-6.024
4.004	-6.016
4.004	-6.032
4.004	-6.029
4.004	-6.040
4.004	-6.052
4.004	-6.050
4.004	-6.072
4.004	-6.098
4.059	-6.089
4.059	-6.089
4.059	-6.099
4.059	-6.126
4.059	-6.122
4.059	-6.153
4.059	-6.153
4.059	-6.189
4.059	-6.190
4.059	-6.219
4.059	-6.225
4.059	-6.254
4.059	-6.251
4.059	-6.278
4.059	-6.302
4.059	-6.318
4.059	-6.333
4.257	-6.349
4.257	-6.358
4.257	-6.393
4.257	-6.390
4.257	-6.416
4.257	-6.434
4.257	-6.444
4.257	-6.472
4.257	-6.483
4.257	-6.501
4.257	-6.526
4.257	-6.529
4.257	-6.544
4.257	-6.566
4.257	-6.576
4.425	-6.586
4.425	-6.595
4.425	-6.619
4.425	-6.633
4.425	-7.095
4.425	-5.958
4.425	-6.283
4.425	-6.416
4.425	-6.486
4.425	-6.504
4.425	-6.541
4.425	-6.541
4.425	-6.554
4.425	-6.554
4.425	-6.577
4.425	-6.586
4.425	-6.604
4.425	-6.590
4.564	-6.613
4.564	-6.620
4.564	-6.642
4.564	-6.666
4.564	-6.682
4.564	-6.702
4.564	-6.718
4.564	-6.733
4.564	-6.762
4.564	-6.756
4.564	-6.801
4.564	-6.808
4.564	-6.816
4.564	-6.813
4.564	-6.772
4.764	-6.649
4.764	-6.361
4.764	-7.502
4.764	-7.064
4.764	-7.074
4.764	-7.089
4.764	-7.107
4.764	-7.101
4.764	-7.115
4.764	-7.119
4.764	-7.113
4.764	-7.124
4.764	-7.112
4.764	-7.113
4.764	-7.139
4.764	-7.150
4.764	-7.152
4.810	-7.136
4.810	-7.133
4.810	-7.134
4.810	-7.139
4.810	-7.145
4.810	-7.133
4.810	-7.130
4.810	-7.135
4.810	-7.107
4.810	-7.120
4.810	-7.123
4.810	-7.120
4.810	-7.103
4.810	-7.105
4.810	-7.106
4.808	-7.112
4.808	-7.106
4.808	-7.115
4.808	-7.109
4.808	-7.100
4.808	-7.110
4.808	-7.105
4.808	-7.095
4.808	-7.112
4.808	-7.101
4.808	-7.112
4.808	-7.113
4.808	-7.116
4.808	-7.110
4.808	-7.113
4.808	-7.134
4.808	-7.132
4.810	-7.142
4.810	-7.141
4.810	-7.141
4.810	-7.151
4.810	-7.161
4.810	-7.173
4.810	-7.191
4.810	-7.214
4.810	-7.206
4.810	-7.235
4.810	-7.251
4.810	-7.252
4.810	-7.274
4.810	-7.290
4.945	-7.309
4.945	-7.315
4.945	-7.342
4.945	-7.350
4.945	-7.353
4.945	-7.380
4.945	-7.403
4.945	-7.408
4.945	-7.435
4.945	-7.447
4.945	-7.475
4.945	-7.487
4.945	-7.508
4.945	-7.524
4.945	-7.528
4.945	-7.551
4.945	-7.570
5.101	-7.584
5.101	-7.612
5.101	-7.619
5.101	-7.646
5.101	-7.650
5.101	-7.663
5.101	-7.672
5.101	-7.695
5.101	-7.712
5.101	-7.726
5.101	-7.758
5.101	-7.751
5.101	-7.764
5.101	-7.789
5.101	-7.789
5.101	-7.793
5.304	-7.824
5.304	-7.834
5.304	-7.837
5.304	-7.853
5.304	-7.872
5.304	-7.894
5.304	-7.911
5.304	-7.903
5.304	-7.927
5.304	-7.938
5.304	-7.945
5.304	-7.968
5.304	-7.991
5.304	-7.984
5.408	-8.003
5.408	-8.014
5.408	-8.036
5.408	-8.030
5.408	-8.066
5.408	-8.073
5.408	-8.078
5.408	-8.099
5.408	-8.091
5.408	-8.105
5.408	-8.621
5.408	-7.287
5.408	-7.635
5.408	-7.810
5.408	-7.889
5.408	-7.922
5.547	-7.933
5.547	-7.940
5.547	-7.939
5.547	-7.937
5.547	-7.926
5.547	-7.917
5.547	-7.927
5.547	-7.929
5.547	-7.922
5.547	-7.916
5.547	-7.927
5.547	-7.922
5.547	-7.913
5.547	-7.934
5.547	-7.938
5.547	-7.940
5.545	-7.946
5.545	-7.959
5.545	-7.949
5.545	-7.951
5.545	-7.950
5.545	-7.920
5.545	-7.856
5.545	-7.688
5.545	-7.342
5.545	-8.699
5.545	-8.182
5.545	-8.165
5.545	-8.177
5.545	-8.176
5.545	-8.170
5.545	-8.168
5.545	-8.154
5.544	-8.167
5.544	-8.172
5.544	-8.173
5.544	-8.157
5.544	-8.163
5.544	-8.157
5.544	-8.166
5.544	-8.162
5.544	-8.176
5.544	-8.167
5.544	-8.163
5.544	-8.161
5.544	-8.166
5.544	-8.154
5.544	-8.149
5.545	-8.162
5.545	-8.162
5.545	-8.157
5.545	-8.149
5.545	-8.152
5.545	-8.160
5.545	-8.161
5.545	-8.674
5.545	-7.327
5.545	-7.692
5.545	-7.833
5.545	-7.888
5.545	-7.912
5.545	-7.912
5.545	-7.923
5.545	-7.904
5.545	-7.903
5.545	-7.886
5.547	-7.898
5.547	-7.885
5.547	-7.868
5.547	-7.870
5.547	-7.860
5.547	-7.859
5.547	-7.867
5.547	-7.869
5.547	-7.864
5.547	-7.873
5.547	-7.881
5.547	-7.885
5.547	-7.898
5.547	-7.894
5.547	-7.912
5.548	-7.913
5.548	-7.878
5.548	-7.821
5.548	-7.645
5.548	-7.310
5.548	-8.652
5.548	-8.123
5.548	-8.132
5.548	-8.133
5.548	-8.139
5.548	-8.136
5.548	-8.138
5.548	-8.132
5.548	-8.655
5.548	-7.307
5.550	-7.644
5.550	-7.810
5.550	-7.879
5.550	-7.894
5.550	-7.909
5.550	-7.898
5.550	-7.889
5.550	-7.892
5.550	-7.875
5.550	-7.856
5.550	-7.863
5.550	-7.864
5.550	-7.854
5.550	-7.861
5.550	-7.844
5.550	-7.843
5.550	-7.855
5.551	-8.372
5.551	-7.040
5.551	-7.398
5.551	-7.568
5.551	-7.631
5.551	-7.657
5.551	-7.665
5.551	-7.654
5.551	-7.638
5.551	-7.560
5.551	-7.400
5.551	-7.042
5.551	-8.391
5.551	-7.866
5.551	-7.848
5.551	-7.851
5.551	-7.849
5.551	-7.857
5.551	-7.857
5.551	-7.862
5.551	-7.861
5.551	-7.879
5.551	-7.890
5.551	-7.893
5.551	-7.891
5.551	-7.900
5.551	-7.906
5.551	-7.879
5.551	-7.814
5.551	-7.658
5.551	-7.300
5.551	-8.657
5.551	-8.125
5.551	-8.130
5.551	-8.125
5.551	-8.132
5.551	-8.139
5.551	-8.130
5.551	-8.126
5.551	-8.135
5.551	-8.124
5.551	-8.132
5.551	-8.107
5.551	-8.115
5.551	-8.123
5.551	-8.123
5.551	-8.125
5.551	-8.111
5.551	-8.124
5.553	-8.119
5.553	-8.110
5.553	-8.119
5.553	-8.123
5.553	-8.114
5.553	-8.127
5.553	-8.108
5.553	-8.100
5.553	-8.112
5.553	-8.631
5.553	-7.279
5.553	-7.649
5.553	-7.791
5.553	-7.861
5.553	-7.877
5.553	-7.895
5.551	-7.879
5.551	-7.866
5.551	-7.870
5.551	-7.852
5.551	-7.849
5.551	-7.848
5.551	-7.819
5.551	-7.842
5.551	-7.834
5.551	-7.837
5.551	-7.831
5.551	-7.840
5.551	-7.843
5.551	-7.843
5.551	-7.857
5.551	-7.869
5.519	-7.862
5.519	-7.858
5.519	-7.881
5.519	-7.862
5.519	-7.858
5.519	-7.798
5.519	-7.634
5.519	-7.282
5.519	-8.636
5.519	-8.105
5.519	-8.106
5.519	-8.095
5.519	-8.103
5.519	-8.092
5.519	-8.105
5.519	-8.111
5.521	-8.086
5.521	-8.109
5.521	-8.106
5.521	-8.105
5.521	-8.105
5.521	-8.104
5.521	-8.099
5.521	-8.091
5.521	-8.104
5.521	-8.102
5.521	-8.104
5.521	-8.088
5.521	-8.089
5.521	-8.082
5.521	-8.094
5.522	-8.098
5.522	-8.084
5.522	-8.098
5.522	-8.098
5.522	-8.089
5.522	-8.090
5.522	-8.095
5.522	-8.092
5.522	-8.087
5.522	-8.088
5.522	-8.095
5.522	-8.093
5.522	-8.093
5.522	-8.091
5.522	-8.080
5.522	-8.100
5.522	-8.084
5.553	-8.082
5.553	-8.086
5.553	-8.089
5.553	-8.086
5.553	-8.098
5.553	-8.105
5.553	-8.097
5.553	-8.111
5.553	-8.110
5.553	-8.109
5.553	-8.107
5.553	-8.123
5.553	-8.123
5.553	-8.135
5.553	-8.143
5.553	-8.147
5.554	-8.145
5.554	-8.157
5.554	-8.160
5.554	-8.162
5.554	-8.161
5.554	-8.169
5.554	-8.179
5.554	-8.176
5.554	-8.178
5.554	-8.194
5.554	-8.195
5.554	-8.208
5.554	-8.213
5.554	-8.217
5.554	-8.225
5.554	-8.230
5.603	-8.242
5.603	-8.251
5.603	-8.248
5.603	-8.255
5.603	-8.255
5.603	-8.246
5.603	-8.258
5.603	-8.290
5.603	-8.302
5.603	-8.294
5.603	-8.308
5.603	-8.311
5.603	-8.311
5.603	-8.312
5.603	-8.319
5.603	-8.320
5.603	-8.335
5.605	-8.343
5.605	-8.369
5.605	-8.374
5.605	-8.376
5.605	-8.399
5.605	-8.403
5.605	-8.419
5.605	-8.429
5.605	-8.447
5.605	-8.466
5.605	-8.479
5.605	-8.507
5.605	-8.532
5.605	-8.545
5.634	-8.557
5.634	-8.571
5.634	-8.570
5.634	-8.601
5.634	-9.195
5.634	-7.741
5.634	-8.131
5.634	-8.310
5.634	-8.413
5.634	-8.457
5.634	-8.481
5.634	-8.487
5.634	-8.508
5.634	-8.524
5.634	-8.543
5.634	-8.560
5.634	-8.560
5.634	-8.571
5.634	-8.592
5.634	-8.624
5.634	-8.632
5.634	-8.656
5.634	-8.681
5.634	-8.711
5.634	-8.733
5.634	-8.757
5.634	-8.802
5.634	-8.806
5.634	-8.832
5.634	-8.854
5.634	-8.857
5.634	-8.829
5.634	-8.766
5.634	-8.601
5.634	-8.234
5.634	-9.710
5.634	-9.145
5.634	-9.172
5.634	-9.198
5.634	-9.209
5.634	-9.193
5.634	-9.199
5.634	-9.204
5.634	-9.236
5.634	-9.238
5.634	-9.225
5.634	-9.230
5.634	-9.233
5.634	-9.244
5.634	-9.238
5.634	-9.238
5.634	-9.234
5.634	-9.236
5.634	-9.250
5.634	-9.256
5.634	-9.238
5.634	-9.220
5.634	-9.230
5.634	-9.211
5.634	-9.198
5.634	-9.200
5.634	-9.216
5.634	-9.227
5.634	-9.229
5.666	-9.215
5.666	-9.239
5.666	-9.247
5.666	-9.237
5.666	-9.205
5.666	-9.203
5.666	-9.223
5.666	-9.223
5.666	-9.211
5.666	-9.185
5.666	-9.180
5.666	-9.183
5.666	-9.168
5.666	-9.157
5.666	-9.154
5.666	-9.144
5.666	-9.142
5.664	-9.145
5.664	-9.134
5.664	-9.128
5.664	-9.116
5.664	-9.115
5.664	-9.119
5.664	-9.112
5.664	-9.105
5.664	-9.096
5.664	-9.097
5.664	-9.098
5.664	-9.092
5.664	-9.089
5.664	-9.096
5.664	-9.086
5.664	-9.081
5.638	-9.086
5.638	-9.678
5.638	-8.153
5.638	-8.557
5.638	-8.732
5.638	-8.806
5.638	-8.832
5.638	-8.851
5.638	-8.858
5.638	-8.871
5.638	-8.867
5.638	-8.868
5.638	-8.878
5.638	-8.890
5.638	-8.899
5.638	-8.922
5.638	-8.937
5.638	-8.961
5.638	-8.990
5.638	-8.999
5.638	-9.032
5.638	-9.060
5.638	-9.101
5.638	-9.120
5.638	-9.158
5.638	-9.200
5.638	-9.229
5.638	-9.256
5.638	-9.265
5.638	-9.220
5.638	-9.075
5.638	-8.710
5.637	-10.262
5.637	-9.710
5.637	-9.752
5.637	-9.791
5.637	-9.846
5.637	-9.868
5.637	-9.922
5.637	-9.976
5.637	-10.021
5.637	-10.065
5.637	-10.109
5.637	-10.162
5.637	-10.888
5.637	-9.128
5.637	-9.631
5.637	-9.870
5.637	-9.993
5.611	-10.743
5.611	-8.997
5.611	-9.498
5.611	-9.707
5.611	-9.822
5.611	-9.857
5.611	-9.877
5.611	-9.884
5.611	-9.901
5.611	-9.919
5.611	-9.926
5.611	-9.935
5.611	-9.954
5.611	-9.968
5.611	-9.991
5.612	-10.037
5.612	-10.055
5.612	-10.083
5.612	-10.128
5.612	-10.144
5.612	-10.162
5.612	-10.188
5.612	-10.177
5.612	-10.097
5.612	-9.906
5.612	-9.463
5.612	-11.254
5.612	-10.528
5.612	-10.461
5.612	-10.263
5.612	-9.811
5.612	-11.600
5.614	-10.914
5.614	-10.931
5.614	-10.937
5.614	-10.942
5.614	-10.961
5.614	-10.973
5.614	-10.984
5.614	-10.991
5.614	-11.010
5.614	-11.015
5.614	-11.018
5.614	-11.023
5.614	-11.021
5.614	-11.015
5.614	-11.025
5.615	-11.008
5.615	-11.023
5.615	-11.027
5.615	-11.014
5.615	-11.001
5.615	-11.003
5.615	-10.998
5.615	-10.990
5.615	-10.973
5.615	-10.970
5.615	-10.983
5.615	-10.949
5.615	-10.956
5.615	-10.959
5.615	-10.949
5.615	-10.947
5.615	-10.930
5.617	-10.935
5.617	-10.943
5.617	-10.927
5.617	-10.931
5.617	-10.907
5.617	-10.899
5.617	-10.904
5.617	-10.892
5.617	-10.895
5.617	-10.890
5.617	-10.875
5.617	-10.886
5.617	-10.880
5.617	-10.889
5.617	-10.864
5.672	-10.859
5.672	-10.866
5.672	-10.853
5.672	-10.862
5.672	-11.580
5.672	-9.759
5.672	-10.254
5.672	-10.446
5.672	-10.519
5.672	-10.572
5.672	-10.546
5.672	-10.512
5.672	-10.502
5.672	-10.495
5.672	-10.487
