-1.079	-0.133
-8.585	0.075
-8.585	0.198
-8.585	0.282
-8.585	0.470
-8.585	0.188
-8.585	0.335
-8.585	0.427
-8.620	0.498
-8.620	0.569
-8.620	0.630
-8.620	0.836
-8.620	0.554
-8.620	0.715
-8.620	0.820
-8.620	0.902
-8.620	0.977
-8.620	1.044
-8.620	1.098
-8.620	1.162
-8.620	1.224
-8.620	1.290
-8.620	1.356
-8.620	1.411
-8.620	1.467
-8.620	1.538
-8.620	1.596
-8.583	1.667
-8.583	1.743
-8.583	1.861
-8.583	2.073
-8.583	1.929
-8.583	1.912
-8.583	1.866
-8.583	1.795
-8.583	2.132
-8.583	2.007
-8.583	2.008
-8.583	2.017
-8.583	1.990
-8.583	1.957
-8.470	1.851
-8.470	2.203
-8.470	2.057
-8.470	2.069
-8.470	2.201
-8.470	1.852
-8.470	1.938
-8.470	1.997
-8.470	2.005
-8.470	2.022
-8.470	2.023
-8.470	2.021
-8.470	2.028
-8.470	2.029
-8.470	2.014
-8.470	2.016
-8.470	2.007
-8.470	2.016
-8.299	2.016
-8.299	2.011
-8.299	2.017
-8.299	2.025
-8.299	2.029
-8.299	2.016
-8.299	2.031
-8.299	2.009
-8.299	2.017
-8.299	2.010
-8.299	2.017
-8.299	2.013
-8.299	2.021
-8.299	2.002
-8.299	1.996
-8.136	1.935
-8.136	1.840
-8.136	2.180
-8.136	2.055
-8.136	2.040
-8.136	2.062
-8.136	2.047
-8.136	2.042
-8.136	2.024
-8.136	2.012
-8.136	2.003
-8.136	1.999
-8.136	2.007
-8.136	1.998
-8.136	1.985
-8.136	1.981
-8.136	1.974
-7.858	1.945
-7.858	1.932
-7.858	1.941
-7.858	1.943
-7.858	1.920
-7.858	1.946
-7.858	1.924
-7.858	1.919
-7.858	1.912
-7.858	1.891
-7.858	1.890
-7.858	1.906
-7.858	1.889
-7.858	1.896
-7.858	1.902
-7.483	1.893
-7.483	1.878
-7.483	1.873
-7.483	1.858
-7.483	1.855
-7.483	1.860
-7.483	1.870
-7.483	1.876
-7.483	1.884
-7.483	1.861
-7.483	1.850
-7.483	1.859
-7.483	1.984
-7.483	1.660
-7.483	1.755
-7.483	1.822
-7.481	1.823
-7.481	1.824
-7.481	1.818
-7.481	1.826
-7.481	1.814
-7.481	1.826
-7.481	1.820
-7.481	1.825
-7.481	1.841
-7.481	1.827
-7.481	1.816
-7.481	1.823
-7.481	1.813
-7.481	1.816
-7.481	1.822
-7.481	1.832
-7.481	1.832
-7.520	1.830
-7.520	1.829
-7.520	1.825
-7.520	1.825
-7.520	1.815
-7.520	1.814
-7.520	1.826
-7.520	1.796
-7.520	1.752
-7.520	1.665
-7.520	1.989
-7.520	1.851
-7.520	1.838
-7.520	1.838
-7.520	1.836
-7.373	1.840
-7.373	1.951
-7.373	1.648
-7.373	1.722
-7.373	1.751
-7.373	1.753
-7.373	1.753
-7.373	1.757
-7.373	1.758
-7.373	1.741
-7.373	1.740
-7.373	1.725
-7.373	1.721
-7.373	1.707
-7.373	1.713
-7.373	1.710
-7.373	1.708
-7.373	1.701
-7.233	1.702
-7.233	1.706
-7.233	1.690
-7.233	1.687
-7.233	1.699
-7.233	1.692
-7.233	1.691
-7.233	1.671
-7.233	1.672
-7.233	1.676
-7.233	1.676
-7.233	1.651
-7.233	1.616
-7.233	1.529
-7.079	1.816
-7.079	1.702
-7.079	1.697
-7.079	1.690
-7.079	1.679
-7.079	1.687
-7.079	1.684
-7.079	1.672
-7.079	1.659
-7.079	1.672
-7.079	1.675
-7.079	1.654
-7.079	1.647
-7.079	1.661
-7.079	1.660
-7.079	1.641
-7.079	1.635
-6.714	1.634
-6.714	1.641
-6.714	1.618
-6.714	1.623
-6.714	1.631
-6.714	1.621
-6.714	1.624
-6.714	1.624
-6.714	1.621
-6.714	1.614
-6.714	1.610
-6.714	1.614
-6.714	1.629
-6.714	1.619
-6.528	1.604
-6.528	1.616
-6.528	1.619
-6.528	1.620
-6.528	1.603
-6.528	1.605
-6.528	1.630
-6.528	1.626
-6.528	1.614
-6.528	1.621
-6.528	1.643
-6.528	1.632
-6.528	1.619
-6.528	1.627
-6.528	1.640
-6.528	1.633
-6.528	1.638
-6.528	1.641
-6.529	1.654
-6.529	1.631
-6.529	1.621
-6.529	1.642
-6.529	1.642
-6.529	1.630
-6.529	1.631
-6.529	1.632
-6.529	1.632
-6.529	1.620
-6.529	1.611
-6.529	1.621
-6.529	1.621
-6.529	1.610
-6.528	1.606
-6.528	1.613
-6.528	1.617
-6.528	1.610
-6.528	1.603
-6.528	1.606
-6.528	1.607
-6.528	1.595
-6.528	1.589
-6.528	1.586
-6.528	1.584
-6.528	1.579
-6.528	1.578
-6.528	1.576
-6.528	1.564
-6.528	1.557
-6.528	1.559
-6.348	1.556
-6.348	1.565
-6.348	1.536
-6.348	1.551
-6.348	1.553
-6.348	1.548
-6.348	1.553
-6.348	1.547
-6.348	1.547
-6.348	1.538
-6.348	1.547
-6.348	1.536
-6.348	1.542
-6.348	1.542
-6.348	1.540
-6.348	1.525
-6.149	1.528
-6.149	1.529
-6.149	1.531
-6.149	1.513
-6.149	1.522
-6.149	1.525
-6.149	1.518
-6.149	1.518
-6.149	1.518
-6.149	1.515
-6.149	1.510
-6.149	1.506
-6.149	1.515
-6.149	1.510
-6.149	1.513
-6.149	1.512
-6.149	1.525
-6.007	1.510
-6.007	1.509
-6.007	1.511
-6.007	1.495
-6.007	1.508
-6.007	1.507
-6.007	1.514
-6.007	1.506
-6.007	1.515
-6.007	1.506
-6.007	1.508
-6.007	1.507
-6.007	1.507
-6.007	1.515
-6.006	1.519
-6.006	1.501
-6.006	1.505
-6.006	1.511
-6.006	1.511
-6.006	1.512
-6.006	1.517
-6.006	1.508
-6.006	1.516
-6.006	1.512
-6.006	1.517
-6.006	1.510
-6.006	1.524
-6.006	1.517
-6.006	1.506
-6.006	1.497
-6.006	1.511
-6.004	1.513
-6.004	1.497
-6.004	1.505
-6.004	1.507
-6.004	1.503
-6.004	1.489
-6.004	1.484
-6.004	1.487
-6.004	1.489
-6.004	1.483
-6.004	1.483
-6.004	1.492
-6.004	1.482
-6.004	1.477
-6.004	1.478
-6.004	1.473
-5.725	1.462
-5.725	1.459
-5.725	1.460
-5.725	1.456
-5.725	1.464
-5.725	1.457
-5.725	1.460
-5.725	1.442
-5.725	1.445
-5.725	1.430
-5.725	1.436
-5.725	1.438
-5.725	1.435
-5.725	1.418
-5.725	1.418
-5.725	1.427
-5.574	1.420
-5.574	1.414
-5.574	1.415
-5.574	1.413
-5.574	1.403
-5.574	1.403
-5.574	1.406
-5.574	1.404
-5.574	1.398
-5.574	1.402
-5.574	1.390
-5.574	1.380
-5.574	1.388
-5.574	1.389
-5.574	1.389
-5.357	1.404
-5.357	1.400
-5.357	1.404
-5.357	1.391
-5.357	1.374
-5.357	1.382
-5.357	1.396
-5.357	1.384
-5.357	1.392
-5.357	1.399
-5.357	1.385
-5.357	1.392
-5.357	1.395
-5.357	1.393
-5.357	1.394
-5.357	1.392
-5.357	1.392
-5.235	1.492
-5.235	1.263
-5.235	1.329
-5.235	1.360
-5.235	1.357
-5.235	1.368
-5.235	1.367
-5.235	1.361
-5.235	1.370
-5.235	1.382
-5.235	1.470
-5.235	1.235
-5.235	1.301
-5.235	1.309
-5.235	1.335
-5.235	1.317
-5.264	1.326
-5.264	1.342
-5.264	1.337
-5.264	1.330
-5.264	1.335
-5.264	1.324
-5.264	1.318
-5.264	1.330
-5.264	1.318
-5.264	1.325
-5.264	1.321
-5.264	1.322
-5.264	1.315
-5.264	1.277
-5.264	1.205
-5.264	1.434
-5.264	1.334
-5.264	1.339
-5.234	1.359
-5.234	1.357
-5.234	1.361
-5.234	1.343
-5.234	1.324
-5.234	1.288
-5.234	1.223
-5.234	1.464
-5.234	1.364
-5.234	1.363
-5.234	1.345
-5.234	1.360
-5.234	1.362
-5.234	1.347
-5.034	1.346
-5.034	1.415
-5.034	1.203
-5.034	1.250
-5.034	1.270
-5.034	1.306
-5.034	1.296
-5.034	1.290
-5.034	1.289
-5.034	1.276
-5.034	1.253
-5.034	1.254
-5.034	1.267
-5.034	1.281
-5.034	1.275
-5.034	1.262
-5.034	1.266
-5.034	1.253
-4.729	1.238
-4.729	1.239
-4.729	1.251
-4.729	1.253
-4.729	1.244
-4.729	1.244
-4.729	1.249
-4.729	1.248
-4.729	1.238
-4.729	1.242
-4.729	1.232
-4.729	1.220
-4.729	1.191
-4.729	1.155
-4.729	1.366
-4.500	1.291
-4.500	1.272
-4.500	1.269
-4.500	1.279
-4.500	1.267
-4.500	1.275
-4.500	1.275
-4.500	1.292
-4.500	1.281
-4.500	1.269
-4.500	1.267
-4.500	1.286
-4.500	1.286
-4.500	1.270
-4.500	1.294
-4.500	1.289
-4.500	1.282
-4.533	1.271
-4.533	1.280
-4.533	1.285
-4.533	1.352
-4.533	1.144
-4.533	1.208
-4.533	1.235
-4.533	1.236
-4.533	1.244
-4.533	1.249
-4.533	1.241
-4.533	1.233
-4.533	1.224
-4.533	1.233
-4.533	1.241
-4.468	1.213
-4.468	1.222
-4.468	1.223
-4.468	1.213
-4.468	1.211
-4.468	1.219
-4.468	1.224
-4.468	1.222
-4.468	1.225
-4.468	1.197
-4.468	1.205
-4.468	1.211
-4.468	1.194
-4.468	1.197
-4.361	1.215
-4.361	1.201
-4.361	1.183
-4.361	1.148
-4.361	1.092
-4.361	1.312
-4.361	1.232
-4.361	1.233
-4.361	1.222
-4.361	1.226
-4.361	1.212
-4.361	1.216
-4.361	1.224
-4.361	1.224
-4.361	1.205
-4.361	1.223
-4.172	1.214
-4.172	1.210
-4.172	1.202
-4.172	1.205
-4.172	1.207
-4.172	1.205
-4.172	1.199
-4.172	1.198
-4.172	1.193
-4.172	1.287
-4.172	1.075
-4.172	1.128
-4.172	1.151
-4.172	1.158
-4.172	1.144
-4.172	1.142
-4.172	1.158
-3.944	1.166
-3.944	1.163
-3.944	1.218
-3.944	1.023
-3.944	1.066
-3.944	1.102
-3.944	1.098
-3.944	1.118
-3.944	1.118
-3.944	1.109
-3.944	1.114
-3.944	1.114
-3.944	1.096
-3.944	1.103
-3.944	1.102
-3.944	1.115
-3.851	1.110
-3.851	1.192
-3.851	0.985
-3.851	1.037
-3.851	1.059
-3.851	1.035
-3.851	1.064
-3.851	1.066
-3.851	1.042
-3.851	1.061
-3.851	1.080
-3.851	1.088
-3.851	1.092
-3.851	1.076
-3.851	1.069
-3.851	1.044
-3.851	0.997
-3.853	1.192
-3.853	1.116
-3.853	1.101
-3.853	1.126
-3.853	1.118
-3.853	1.118
-3.853	1.110
-3.853	1.118
-3.853	1.191
-3.853	1.002
-3.853	1.057
-3.853	1.070
-3.853	1.064
-3.853	1.057
-3.853	0.994
-3.853	1.198
-3.851	1.117
-3.851	1.095
-3.851	1.080
-3.851	1.022
-3.851	1.217
-3.851	1.132
-3.851	1.143
-3.851	1.134
-3.851	1.128
-3.851	1.124
-3.851	1.124
-3.851	1.121
-3.851	1.124
-3.851	1.127
-3.851	1.125
-3.851	1.129
-3.618	1.123
-3.618	1.113
-3.618	1.107
-3.618	1.100
-3.618	1.093
-3.618	1.057
-3.618	1.011
-3.618	1.207
-3.618	1.123
-3.618	1.125
-3.618	1.124
-3.618	1.119
-3.618	1.123
-3.618	1.116
-3.618	1.108
-3.618	1.112
-3.366	1.094
-3.366	1.105
-3.366	1.107
-3.366	1.181
-3.366	0.993
-3.366	1.040
-3.366	1.060
-3.366	1.078
-3.366	1.063
-3.366	1.056
-3.366	1.056
-3.366	1.060
-3.366	1.050
-3.366	1.047
-3.366	1.064
-3.366	1.062
-3.366	1.055
-3.111	1.038
-3.111	1.050
-3.111	1.052
-3.111	1.039
-3.111	1.045
-3.111	1.061
-3.111	1.058
-3.111	1.046
-3.111	1.050
-3.111	1.040
-3.111	1.043
-3.111	1.044
-3.111	1.049
-3.111	1.065
-3.111	1.042
-3.111	1.010
-3.111	0.968
-3.032	1.143
-3.032	1.071
-3.032	1.072
-3.032	1.075
-3.032	1.087
-3.032	1.083
-3.032	1.089
-3.032	1.081
-3.032	1.091
-3.032	1.082
-3.032	1.072
-3.032	1.084
-3.032	1.087
-3.032	1.091
-3.032	1.073
-3.032	1.091
-2.995	1.093
-2.995	1.080
-2.995	1.073
-2.995	1.093
-2.995	1.089
-2.995	1.084
-2.995	1.091
-2.995	1.091
-2.995	1.085
-2.995	1.079
-2.995	1.085
-2.995	1.078
-2.995	1.086
-2.995	1.087
-2.995	1.087
-2.995	1.147
-2.995	0.977
-3.027	1.000
-3.027	1.026
-3.027	1.042
-3.027	1.038
-3.027	1.043
-3.027	1.040
-3.027	1.036
-3.027	1.027
-3.027	1.014
-3.027	1.024
-3.027	1.025
-3.027	1.027
-3.027	1.007
-2.930	1.010
-2.930	1.008
-2.930	1.007
-2.930	0.996
-2.930	1.010
-2.930	0.995
-2.930	0.996
-2.930	0.993
-2.930	1.006
-2.930	0.995
-2.930	0.979
-2.930	0.982
-2.930	0.974
-2.930	0.960
-2.930	1.002
-2.930	0.796
-2.930	1.007
-2.762	0.969
-2.762	0.973
-2.762	0.980
-2.762	0.965
-2.762	0.960
-2.762	0.947
-2.762	0.955
-2.762	0.958
-2.762	0.949
-2.762	0.951
-2.762	0.957
-2.762	0.941
-2.762	0.950
-2.762	0.944
-2.762	0.939
-2.533	0.936
-2.533	0.937
-2.533	0.942
-2.533	0.953
-2.533	0.949
-2.533	0.954
-2.533	0.940
-2.533	0.942
-2.533	0.948
-2.533	0.953
-2.533	0.944
-2.533	0.922
-2.533	0.893
-2.533	1.047
-2.533	0.980
-2.533	0.983
-2.457	0.980
-2.457	0.976
-2.457	0.985
-2.457	0.989
-2.457	1.000
-2.457	0.997
-2.457	0.993
-2.457	0.992
-2.457	0.991
-2.457	0.972
-2.457	1.005
-2.457	1.004
-2.457	1.007
-2.457	0.999
-2.457	1.007
-2.457	1.066
-2.457	0.899
-2.457	0.934
-2.457	0.960
-2.457	0.963
-2.457	0.979
-2.457	0.976
-2.457	0.979
-2.457	0.969
-2.457	0.968
-2.457	0.965
-2.457	0.961
-2.457	0.969
-2.457	0.970
-2.457	0.967
-2.457	0.969
-2.486	0.962
-2.486	0.968
-2.486	0.958
-2.486	0.956
-2.486	0.960
-2.486	0.967
-2.486	0.974
-2.486	0.968
-2.486	0.975
-2.486	0.954
-2.486	0.943
-2.486	0.951
-2.486	0.951
-2.486	0.923
-2.426	0.877
-2.426	1.040
-2.426	0.993
-2.426	0.978
-2.426	0.971
-2.426	0.963
-2.426	0.980
-2.426	0.971
-2.426	0.965
-2.426	0.963
-2.426	0.969
-2.426	0.963
-2.426	0.953
-2.426	0.958
-2.426	0.959
-2.426	0.954
-2.426	0.955
-2.333	0.945
-2.333	0.958
-2.333	0.947
-2.333	0.944
-2.333	0.944
-2.333	0.938
-2.333	0.945
-2.333	0.943
-2.333	0.939
-2.333	0.945
-2.333	0.931
-2.333	0.931
-2.333	0.937
-2.333	0.939
-2.333	0.932
-2.333	0.928
-2.333	0.928
-2.333	0.924
-2.225	0.928
-2.225	0.910
-2.225	0.928
-2.225	0.925
-2.225	0.924
-2.225	0.916
-2.225	0.923
-2.225	0.918
-2.225	0.906
-2.225	0.911
-2.225	0.911
-2.225	0.911
-2.225	0.902
-2.225	0.904
-2.225	0.918
-2.162	0.913
-2.162	0.908
-2.162	0.909
-2.162	0.898
-2.162	0.893
-2.162	0.907
-2.162	0.904
-2.162	0.901
-2.162	0.903
-2.162	0.888
-2.162	0.895
-2.162	0.894
-2.162	0.898
-2.162	0.904
-2.162	0.905
-2.162	0.895
-2.162	0.897
-2.057	0.891
-2.057	0.902
-2.057	0.890
-2.057	0.900
-2.057	0.899
-2.057	0.952
-2.057	0.808
-2.057	0.841
-2.057	0.860
-2.057	0.871
-2.057	0.873
-2.057	0.867
-2.057	0.876
-2.057	0.882
-2.057	0.873
-2.057	0.860
-1.958	0.869
-1.958	0.883
-1.958	0.856
-1.958	0.858
-1.958	0.876
-1.958	0.878
-1.958	0.875
-1.958	0.869
-1.958	0.881
-1.958	0.864
-1.958	0.870
-1.958	0.876
-1.958	0.885
-1.958	0.888
-1.958	0.881
-1.958	0.883
-1.958	0.884
-1.956	0.868
-1.956	0.849
-1.956	0.829
-1.956	0.984
-1.956	0.931
-1.956	0.929
-1.956	0.920
-1.956	0.927
-1.956	0.927
-1.956	0.914
-1.956	0.915
-1.956	0.935
-1.956	0.948
-1.956	0.942
-1.956	0.926
-1.955	0.944
-1.955	0.937
-1.955	0.930
-1.955	0.930
-1.955	0.946
-1.955	0.940
-1.955	0.931
-1.955	0.937
-1.955	0.940
-1.955	0.932
-1.955	0.941
-1.955	0.937
-1.955	0.939
-1.955	0.940
-1.955	0.946
-1.955	0.935
-1.955	0.937
-1.953	0.922
-1.953	0.920
-1.953	0.923
-1.953	0.920
-1.953	0.929
-1.953	0.932
-1.953	0.927
-1.953	0.925
-1.953	0.928
-1.953	0.912
-1.953	0.916
-1.953	0.901
-1.953	0.918
-1.953	0.912
-1.953	0.908
-1.859	0.905
-1.859	0.909
-1.859	0.902
-1.859	0.899
-1.859	0.904
-1.859	0.911
-1.859	0.899
-1.859	0.904
-1.859	0.898
-1.859	0.902
-1.859	0.896
-1.859	0.887
-1.859	0.890
-1.859	0.904
-1.859	0.900
-1.859	0.908
-1.859	0.892
-1.802	0.890
-1.802	0.900
-1.802	0.884
-1.802	0.885
-1.802	0.891
-1.802	0.889
-1.802	0.890
-1.802	0.887
-1.802	0.879
-1.802	0.884
-1.802	0.878
-1.802	0.937
-1.802	0.803
-1.802	0.826
-1.802	0.837
-1.802	0.849
-1.769	0.849
-1.769	0.852
-1.769	0.856
-1.769	0.855
-1.769	0.846
-1.769	0.840
-1.769	0.842
-1.769	0.848
-1.769	0.858
-1.769	0.842
-1.769	0.835
-1.769	0.842
-1.769	0.825
-1.769	0.838
-1.769	0.841
-1.769	0.834
-1.732	0.836
-1.732	0.837
-1.732	0.851
-1.732	0.857
-1.732	0.835
-1.732	0.847
-1.732	0.841
-1.732	0.843
-1.732	0.827
-1.732	0.786
-1.732	0.928
-1.732	0.878
-1.732	0.871
-1.732	0.876
-1.732	0.878
-1.730	0.874
-1.730	0.872
-1.730	0.875
-1.730	0.879
-1.730	0.876
-1.730	0.880
-1.730	0.871
-1.730	0.854
-1.730	0.871
-1.730	0.870
-1.730	0.864
-1.730	0.881
-1.730	0.867
-1.730	0.873
-1.730	0.865
-1.730	0.876
-1.730	0.874
-1.665	0.859
-1.665	0.856
-1.665	0.877
-1.665	0.866
-1.665	0.866
-1.665	0.863
-1.665	0.861
-1.665	0.867
-1.665	0.860
-1.665	0.859
-1.665	0.865
-1.665	0.860
-1.665	0.865
-1.665	0.851
-1.665	0.850
-1.575	0.856
-1.575	0.859
-1.575	0.853
-1.575	0.853
-1.575	0.856
-1.575	0.867
-1.575	0.855
-1.575	0.861
-1.575	0.856
-1.575	0.848
-1.575	0.852
-1.575	0.846
-1.575	0.864
-1.575	0.854
-1.575	0.847
-1.575	0.858
-1.575	0.855
-1.498	0.844
-1.498	0.847
-1.498	0.855
-1.498	0.904
-1.498	0.756
-1.498	0.799
-1.498	0.806
-1.498	0.822
-1.498	0.824
-1.498	0.830
-1.498	0.826
-1.498	0.832
-1.498	0.827
-1.498	0.825
-1.498	0.825
-1.498	0.822
-1.497	0.822
-1.497	0.822
-1.497	0.819
-1.497	0.815
-1.497	0.806
-1.497	0.819
-1.497	0.820
-1.497	0.818
-1.497	0.819
-1.497	0.811
-1.497	0.812
-1.497	0.828
-1.497	0.809
-1.497	0.815
-1.497	0.809
-1.497	0.807
-1.497	0.782
-1.450	0.746
-1.450	0.891
-1.450	0.828
-1.450	0.835
-1.450	0.831
-1.450	0.829
-1.450	0.826
-1.450	0.826
-1.450	0.824
-1.450	0.827
-1.450	0.826
-1.450	0.827
-1.450	0.825
-1.450	0.824
-1.376	0.818
-1.376	0.810
-1.376	0.821
-1.376	0.824
-1.376	0.870
-1.376	0.735
-1.376	0.774
-1.376	0.783
-1.376	0.800
-1.376	0.797
-1.376	0.786
-1.376	0.796
-1.376	0.787
-1.376	0.788
-1.376	0.791
-1.376	0.795
-1.376	0.795
-1.376	0.790
-1.297	0.794
-1.297	0.799
-1.297	0.783
-1.297	0.787
-1.297	0.791
-1.297	0.787
-1.297	0.794
-1.297	0.785
-1.297	0.788
-1.297	0.781
-1.297	0.787
-1.297	0.778
-1.297	0.793
-1.297	0.793
-1.297	0.783
-1.265	0.766
-1.265	0.733
-1.265	0.868
-1.265	0.816
-1.265	0.817
-1.265	0.807
-1.265	0.818
-1.265	0.814
-1.265	0.820
-1.265	0.829
-1.265	0.824
-1.265	0.819
-1.265	0.821
-1.265	0.817
-1.265	0.818
-1.265	0.824
-1.265	0.823
-1.196	0.825
-1.196	0.827
-1.196	0.814
-1.196	0.818
-1.196	0.817
-1.196	0.817
-1.196	0.816
-1.196	0.828
-1.196	0.824
-1.196	0.831
-1.196	0.820
-1.196	0.823
-1.196	0.825
-1.196	0.811
-1.196	0.809
-1.198	0.809
-1.198	0.812
-1.198	0.816
-1.198	0.817
-1.198	0.815
-1.198	0.820
-1.198	0.816
-1.198	0.806
-1.198	0.822
-1.198	0.814
-1.198	0.804
-1.198	0.817
-1.198	0.812
-1.198	0.800
-1.198	0.807
-1.198	0.810
-1.161	0.805
-1.161	0.815
-1.161	0.804
-1.161	0.811
-1.161	0.812
-1.161	0.810
-1.161	0.801
-1.161	0.800
-1.161	0.797
-1.161	0.798
-1.161	0.792
-1.161	0.784
-1.161	0.815
-1.161	0.822
-1.161	0.817
-1.161	0.816
-1.134	0.802
-1.134	0.815
-1.134	0.801
-1.134	0.806
-1.134	0.812
-1.134	0.814
-1.134	0.814
-1.134	0.803
-1.134	0.810
-1.134	0.807
-1.134	0.808
-1.134	0.816
-1.134	0.819
-1.134	0.820
-1.134	0.818
-1.134	0.809
-1.074	0.819
-1.074	0.808
-1.074	0.814
-1.074	0.819
-1.074	0.819
-1.074	0.827
-1.074	0.826
-1.074	0.833
-1.074	0.830
-1.074	0.832
-1.074	0.817
-1.074	0.809
-1.074	0.818
-1.074	0.832
-1.074	0.846
-1.076	0.829
-1.076	0.838
-1.076	0.824
-1.076	0.820
-1.076	0.827
-1.076	0.822
-1.076	0.841
-1.076	0.840
-1.076	0.840
-1.076	0.838
-1.076	0.831
-1.076	0.822
-1.076	0.827
-1.076	0.831
-1.076	0.833
-1.076	0.837
-1.076	0.832
-1.076	0.835
-1.074	0.827
-1.074	0.830
-1.074	0.827
-1.074	0.830
-1.074	0.824
-1.074	0.831
-1.074	0.837
-1.074	0.837
-1.074	0.836
-1.074	0.835
-1.074	0.816
-1.074	0.813
-1.074	0.822
-1.074	0.826
-1.076	0.825
-1.076	0.821
-1.076	0.818
-1.076	0.819
-1.076	0.817
-1.076	0.816
-1.076	0.816
-1.076	0.819
-1.076	0.818
-1.076	0.816
-1.076	0.812
-1.076	0.807
-1.076	0.808
-1.076	0.813
-1.076	0.814
-1.076	0.821
-1.076	0.822
-1.076	0.818
-1.074	0.816
-1.074	0.813
-1.074	0.815
-1.074	0.874
-1.074	0.733
-1.074	0.773
-1.074	0.791
-1.074	0.789
-1.074	0.795
-1.074	0.789
-1.074	0.789
-1.074	0.795
-1.074	0.797
-1.074	0.794
-1.041	0.797
-1.041	0.786
-1.041	0.794
-1.041	0.784
-1.041	0.782
-1.041	0.782
-1.041	0.782
-1.041	0.783
-1.041	0.782
-1.041	0.783
-1.041	0.780
-1.041	0.776
-1.041	0.780
-1.041	0.769
-1.041	0.773
-1.041	0.775
-1.041	0.771
-0.986	0.768
-0.986	0.750
-0.986	0.711
-0.986	0.844
-0.986	0.785
-0.986	0.784
-0.986	0.785
-0.986	0.796
-0.986	0.793
-0.986	0.788
-0.986	0.783
-0.986	0.781
-0.986	0.784
-0.986	0.830
-0.986	0.706
-0.938	0.728
-0.938	0.754
-0.938	0.761
-0.938	0.766
-0.938	0.757
-0.938	0.763
-0.938	0.763
-0.938	0.768
-0.938	0.766
-0.938	0.759
-0.938	0.764
-0.938	0.769
-0.938	0.812
-0.938	0.684
-0.938	0.719
-0.938	0.725
-0.938	0.735
-0.938	0.717
-0.940	0.733
-0.940	0.733
-0.940	0.744
-0.940	0.740
-0.940	0.730
-0.940	0.737
-0.940	0.736
-0.940	0.727
-0.940	0.734
-0.940	0.715
-0.940	0.683
-0.940	0.807
-0.940	0.758
-0.940	0.761
-0.940	0.752
-0.888	0.753
-0.888	0.761
-0.888	0.753
-0.888	0.752
-0.888	0.757
-0.888	0.755
-0.888	0.754
-0.888	0.738
-0.888	0.726
-0.888	0.699
-0.888	0.878
-0.888	0.696
-0.888	0.729
-0.888	0.744
-0.888	0.770
-0.888	0.755
-0.888	0.758
-0.839	0.756
-0.839	0.756
-0.839	0.752
-0.839	0.744
-0.839	0.746
-0.839	0.747
-0.839	0.736
-0.839	0.733
-0.839	0.733
-0.839	0.739
-0.839	0.787
-0.839	0.654
-0.839	0.699
-0.839	0.705
-0.839	0.704
-0.839	0.719
-0.839	0.717
-0.839	0.712
-0.839	0.716
-0.839	0.708
-0.839	0.713
-0.839	0.710
-0.839	0.687
-0.839	0.644
-0.839	0.773
-0.839	0.721
-0.839	0.723
-0.839	0.719
-0.839	0.738
-0.839	0.724
-0.839	0.718
-0.839	0.732
-0.839	0.727
-0.812	0.736
-0.812	0.725
-0.812	0.732
-0.812	0.729
-0.812	0.734
-0.812	0.717
-0.812	0.752
-0.812	0.595
-0.812	0.759
-0.812	0.713
-0.812	0.778
-0.812	0.665
-0.812	0.680
-0.812	0.691
-0.812	0.698
-0.784	0.706
-0.784	0.711
-0.784	0.701
-0.784	0.681
-0.784	0.697
-0.784	0.697
-0.784	0.699
-0.784	0.706
-0.784	0.698
-0.784	0.695
-0.784	0.688
-0.784	0.702
-0.784	0.692
-0.784	0.681
-0.784	0.686
-0.784	0.735
-0.784	0.621
-0.784	0.645
-0.783	0.665
-0.783	0.664
-0.783	0.654
-0.783	0.619
-0.783	0.729
-0.783	0.684
-0.783	0.669
-0.783	0.632
-0.783	0.751
-0.783	0.707
-0.783	0.705
-0.783	0.706
-0.783	0.695
-0.783	0.713
-0.504	0.718
-0.504	0.715
-0.504	0.701
-0.504	0.709
-0.504	0.745
-0.504	0.626
-0.504	0.664
-0.504	0.673
-0.504	0.680
-0.504	0.681
-0.504	0.684
-0.504	0.688
-0.504	0.669
-0.504	0.621
-0.504	0.801
-0.504	0.629
-0.504	0.665
-0.504	0.668
-0.504	0.682
-0.504	0.683
-0.504	0.696
-0.504	0.677
-0.504	0.687
-0.504	0.684
-0.504	0.687
-0.504	0.690
-0.504	0.691
-0.504	0.684
-0.504	0.697
-0.504	0.675
-0.504	0.674
-0.504	0.695
-0.504	0.686
-0.505	0.670
-0.505	0.642
-0.505	0.757
-0.505	0.704
-0.505	0.724
-0.505	0.721
-0.505	0.723
-0.505	0.712
-0.505	0.705
-0.505	0.705
-0.505	0.699
-0.505	0.660
-0.505	0.784
-0.505	0.727
-0.505	0.746
-0.505	0.734
-0.504	0.737
-0.504	0.732
-0.504	0.743
-0.504	0.735
-0.504	0.730
-0.504	0.724
-0.504	0.733
-0.504	0.724
-0.504	0.732
-0.504	0.721
-0.504	0.735
-0.504	0.736
-0.504	0.717
-0.504	0.720
-0.504	0.723
-0.394	0.718
-0.394	0.722
-0.394	0.723
-0.394	0.710
-0.394	0.711
-0.394	0.705
-0.394	0.716
-0.394	0.710
-0.394	0.719
-0.394	0.706
-0.394	0.704
-0.394	0.704
-0.394	0.703
-0.394	0.693
-0.394	0.706
-0.394	0.708
-0.394	0.701
-0.302	0.685
-0.302	0.694
-0.302	0.691
-0.302	0.695
-0.302	0.680
-0.302	0.704
-0.302	0.698
-0.302	0.692
-0.302	0.680
-0.302	0.676
-0.302	0.680
-0.302	0.687
-0.302	0.689
-0.302	0.687
-0.188	0.677
-0.188	0.686
-0.188	0.681
-0.188	0.673
-0.188	0.681
-0.188	0.681
-0.188	0.671
-0.188	0.663
-0.188	0.674
-0.188	0.671
-0.188	0.669
-0.188	0.666
-0.188	0.681
-0.012	0.672
-0.012	0.662
-0.012	0.659
-0.012	0.669
-0.012	0.662
-0.012	0.658
-0.012	0.648
-0.012	0.675
-0.012	0.664
-0.012	0.658
-0.012	0.663
-0.012	0.660
-0.012	0.665
-0.012	0.666
-0.012	0.650
-0.012	0.660
-0.012	0.669
0.137	0.674
0.137	0.663
0.137	0.657
0.137	0.666
0.137	0.651
0.137	0.658
0.137	0.670
0.137	0.670
0.137	0.663
0.137	0.666
0.137	0.669
0.137	0.675
0.137	0.656
0.137	0.661
0.137	0.673
0.136	0.675
0.136	0.666
0.136	0.675
0.136	0.671
0.136	0.675
0.136	0.651
0.136	0.653
0.136	0.662
0.136	0.678
0.136	0.675
0.136	0.671
0.136	0.663
0.136	0.665
0.136	0.650
0.136	0.659
0.136	0.665
0.137	0.671
0.137	0.680
0.137	0.665
0.137	0.660
0.137	0.662
0.137	0.657
0.137	0.665
0.137	0.672
0.137	0.675
0.137	0.678
0.137	0.669
0.137	0.677
0.137	0.658
0.137	0.662
0.137	0.666
0.137	0.668
0.137	0.666
0.137	0.685
0.137	0.679
0.137	0.679
0.137	0.670
0.137	0.672
0.137	0.658
0.137	0.665
0.137	0.669
0.137	0.675
0.137	0.677
0.137	0.683
0.137	0.662
0.137	0.655
0.137	0.648
0.137	0.646
0.137	0.670
0.182	0.673
0.182	0.663
0.182	0.660
0.182	0.648
0.182	0.644
0.182	0.650
0.182	0.643
0.182	0.649
0.182	0.648
0.182	0.664
0.182	0.642
0.182	0.650
0.182	0.635
0.182	0.633
0.296	0.619
0.296	0.629
0.296	0.631
0.296	0.626
0.296	0.620
0.296	0.625
0.296	0.625
0.296	0.614
0.296	0.620
0.296	0.606
0.296	0.608
0.296	0.616
0.296	0.623
0.296	0.618
0.296	0.620
0.296	0.606
0.296	0.614
0.369	0.608
0.369	0.603
0.369	0.610
0.369	0.618
0.369	0.609
0.369	0.607
0.369	0.605
0.369	0.601
0.369	0.581
0.369	0.593
0.369	0.595
0.369	0.600
0.369	0.595
0.369	0.601
0.369	0.589
0.441	0.593
0.441	0.602
0.441	0.592
0.441	0.589
0.441	0.580
0.441	0.587
0.441	0.584
0.441	0.603
0.441	0.583
0.441	0.587
0.441	0.578
0.441	0.586
0.441	0.572
0.441	0.578
0.441	0.576
0.441	0.582
0.441	0.583
0.595	0.577
0.595	0.577
0.595	0.573
0.595	0.570
0.595	0.559
0.595	0.576
0.595	0.592
0.595	0.573
0.595	0.560
0.595	0.586
0.595	0.570
0.595	0.575
0.595	0.572
0.595	0.578
0.595	0.563
0.595	0.568
0.595	0.578
0.688	0.590
0.688	0.585
0.688	0.573
0.688	0.572
0.688	0.589
0.688	0.579
0.688	0.579
0.688	0.582
0.688	0.590
0.688	0.582
0.688	0.583
0.688	0.580
0.688	0.586
0.688	0.589
0.688	0.579
0.716	0.586
0.716	0.593
0.716	0.594
0.716	0.586
0.716	0.585
0.716	0.595
0.716	0.595
0.716	0.577
0.716	0.598
0.716	0.581
0.716	0.589
0.716	0.588
0.716	0.596
0.716	0.596
0.716	0.578
0.716	0.583
0.716	0.591
0.676	0.584
0.676	0.575
0.676	0.581
0.676	0.580
0.676	0.587
0.676	0.580
0.676	0.577
0.676	0.568
0.676	0.571
0.676	0.576
0.676	0.580
0.676	0.576
0.676	0.577
0.676	0.559
0.676	0.569
0.780	0.562
0.780	0.564
0.780	0.565
0.780	0.564
0.780	0.558
0.780	0.593
0.780	0.502
0.780	0.526
0.780	0.533
0.780	0.535
0.780	0.540
0.780	0.537
0.780	0.542
0.780	0.531
0.902	0.529
0.902	0.534
0.902	0.537
0.902	0.528
0.902	0.534
0.902	0.519
0.902	0.530
0.902	0.530
0.902	0.538
0.902	0.525
0.902	0.515
0.902	0.515
0.902	0.514
0.902	0.513
0.902	0.536
0.902	0.517
0.902	0.524
0.972	0.510
0.972	0.515
0.972	0.504
0.972	0.505
0.972	0.471
0.972	0.567
0.972	0.531
0.972	0.527
0.972	0.522
0.972	0.522
0.972	0.523
0.972	0.520
0.972	0.521
0.972	0.511
0.972	0.528
0.972	0.515
0.972	0.505
1.093	0.509
1.093	0.515
1.093	0.504
1.093	0.506
1.093	0.510
1.093	0.506
1.093	0.511
1.093	0.509
1.093	0.510
1.093	0.513
1.093	0.509
1.093	0.513
1.093	0.509
1.093	0.505
1.093	0.498
1.193	0.512
1.193	0.503
1.193	0.504
1.193	0.501
1.193	0.513
1.193	0.511
1.193	0.504
1.193	0.511
1.193	0.507
1.193	0.516
1.193	0.507
1.193	0.514
1.193	0.503
1.193	0.514
1.193	0.517
1.193	0.516
1.193	0.515
1.253	0.521
1.253	0.517
1.253	0.516
1.253	0.523
1.253	0.522
1.253	0.520
1.253	0.524
1.253	0.511
1.253	0.523
1.253	0.528
1.253	0.525
1.253	0.527
1.253	0.533
1.253	0.526
1.253	0.530
1.253	0.533
1.253	0.532
1.253	0.530
1.253	0.531
1.253	0.576
1.253	0.480
1.253	0.504
1.253	0.504
1.253	0.516
1.253	0.523
1.253	0.526
1.253	0.520
1.253	0.529
1.253	0.515
1.253	0.516
1.253	0.509
1.253	0.514
1.189	0.513
1.189	0.514
1.189	0.517
1.189	0.516
1.189	0.512
1.189	0.522
1.189	0.501
1.189	0.498
1.189	0.509
1.189	0.512
1.189	0.514
1.189	0.499
1.189	0.507
1.189	0.509
1.189	0.498
1.279	0.494
1.279	0.477
1.279	0.455
1.279	0.536
1.279	0.511
1.279	0.516
1.279	0.513
1.279	0.504
1.279	0.505
1.279	0.506
1.279	0.504
1.279	0.506
1.279	0.514
1.279	0.510
1.279	0.500
1.279	0.499
1.279	0.506
1.338	0.508
1.338	0.502
1.338	0.504
1.338	0.499
1.338	0.508
1.338	0.508
1.338	0.501
1.338	0.512
1.338	0.499
1.338	0.524
1.338	0.496
1.338	0.501
1.338	0.505
1.338	0.507
1.338	0.513
1.392	0.510
1.392	0.519
1.392	0.504
1.392	0.508
1.392	0.511
1.392	0.521
1.392	0.510
1.392	0.512
1.392	0.512
1.392	0.522
1.392	0.504
1.392	0.514
1.392	0.522
1.392	0.528
1.392	0.515
1.392	0.512
1.355	0.529
1.355	0.521
1.355	0.518
1.355	0.521
1.355	0.530
1.355	0.521
1.355	0.515
1.355	0.524
1.355	0.516
1.355	0.529
1.355	0.524
1.355	0.529
1.355	0.530
1.355	0.526
1.355	0.515
1.355	0.529
1.357	0.537
1.357	0.532
1.357	0.524
1.357	0.524
1.357	0.530
1.357	0.523
1.357	0.562
1.357	0.472
1.357	0.497
1.357	0.501
1.357	0.507
1.357	0.513
1.357	0.521
1.357	0.510
1.357	0.505
1.357	0.513
1.357	0.522
1.355	0.513
1.355	0.517
1.355	0.519
1.355	0.521
1.355	0.515
1.355	0.525
1.355	0.531
1.355	0.522
1.355	0.520
1.355	0.523
1.355	0.543
1.355	0.550
1.355	0.539
1.355	0.549
1.236	0.551
1.236	0.558
1.236	0.554
1.236	0.558
1.236	0.554
1.236	0.531
1.236	0.654
1.236	0.528
1.236	0.563
1.236	0.569
1.236	0.575
1.236	0.584
1.236	0.591
1.236	0.589
1.236	0.601
1.236	0.601
1.236	0.604
1.236	0.597
1.236	0.601
1.071	0.604
1.071	0.603
1.071	0.588
