1.071	-0.142
-8.495	0.086
-8.495	0.343
-8.495	0.069
-8.495	0.231
-8.495	0.335
-8.495	0.403
-8.495	0.464
-8.495	0.526
-8.496	0.597
-8.496	0.664
-8.496	0.723
-8.496	0.793
-8.496	0.857
-8.496	0.933
-8.496	0.999
-8.496	1.073
-8.496	1.146
-8.496	1.219
-8.496	1.283
-8.496	1.355
-8.496	1.424
-8.496	1.494
-8.498	1.545
-8.498	1.611
-8.498	1.677
-8.498	1.734
-8.498	1.802
-8.498	1.883
-8.498	2.008
-8.498	2.207
-8.498	2.027
-8.498	1.939
-8.498	2.283
-8.498	2.146
-8.498	2.151
-8.498	2.161
-8.498	2.156
-8.498	2.164
-8.498	2.155
-8.496	2.149
-8.496	2.164
-8.496	2.162
-8.496	2.171
-8.496	2.162
-8.496	2.171
-8.496	2.165
-8.496	2.164
-8.496	2.165
-8.496	2.181
-8.496	2.174
-8.496	2.170
-8.496	2.152
-8.496	2.170
-8.496	2.171
-8.385	2.164
-8.385	2.177
-8.385	2.176
-8.385	2.185
-8.385	2.180
-8.385	2.176
-8.385	2.171
-8.385	2.179
-8.385	2.186
-8.385	2.189
-8.385	2.191
-8.385	2.187
-8.385	2.199
-8.385	2.183
-8.385	2.193
-8.228	2.210
-8.228	2.341
-8.228	1.977
-8.228	2.066
-8.228	2.117
-8.228	2.130
-8.228	2.147
-8.228	2.145
-8.228	2.136
-8.228	2.132
-8.228	2.140
-8.228	2.149
-8.228	2.156
-8.228	2.143
-8.228	2.143
-8.228	2.158
-8.228	2.149
-7.939	2.157
-7.939	2.153
-7.939	2.152
-7.939	2.159
-7.939	2.160
-7.939	2.167
-7.939	2.179
-7.939	2.170
-7.939	2.175
-7.939	2.179
-7.939	2.325
-7.939	1.957
-7.939	2.025
-7.939	2.028
-7.939	1.947
-7.939	2.310
-7.939	2.195
-7.939	2.196
-7.712	2.190
-7.712	2.187
-7.712	2.190
-7.712	2.183
-7.712	2.178
-7.712	2.173
-7.712	2.175
-7.712	2.182
-7.712	2.180
-7.712	2.174
-7.712	2.173
-7.712	2.170
-7.712	2.164
-7.712	2.171
-7.712	2.185
-7.662	2.180
-7.662	2.188
-7.662	2.193
-7.662	2.186
-7.662	2.319
-7.662	1.924
-7.662	1.980
-7.662	1.923
-7.662	2.318
-7.662	2.185
-7.662	2.175
-7.662	2.189
-7.662	2.188
-7.662	2.157
-7.662	2.161
-7.662	2.171
-7.662	2.165
-7.709	2.175
-7.709	2.186
-7.709	2.170
-7.709	2.168
-7.709	2.154
-7.709	2.165
-7.709	2.167
-7.709	2.180
-7.709	2.184
-7.709	2.189
-7.709	2.191
-7.709	2.186
-7.709	2.182
-7.709	2.190
-7.736	2.166
-7.736	2.155
-7.736	2.120
-7.736	2.027
-7.736	2.397
-7.736	2.249
-7.736	2.243
-7.736	2.238
-7.736	2.249
-7.736	2.252
-7.736	2.249
-7.736	2.253
-7.736	2.259
-7.736	2.247
-7.736	2.242
-7.736	2.239
-7.736	2.229
-7.736	2.235
-7.666	2.251
-7.666	2.248
-7.666	2.249
-7.666	2.245
-7.666	2.252
-7.666	2.233
-7.666	2.229
-7.666	2.238
-7.666	2.233
-7.666	2.233
-7.666	2.224
-7.666	2.229
-7.666	2.243
-7.666	2.231
-7.666	2.220
-7.533	2.219
-7.533	2.206
-7.533	2.200
-7.533	2.343
-7.533	1.994
-7.533	2.064
-7.533	2.102
-7.533	2.100
-7.533	2.101
-7.533	2.109
-7.533	2.100
-7.533	2.091
-7.533	2.072
-7.533	2.072
-7.533	2.057
-7.533	2.037
-7.533	2.159
-7.533	1.823
-7.247	1.907
-7.247	1.935
-7.247	1.948
-7.247	1.931
-7.247	1.927
-7.247	1.924
-7.247	1.919
-7.247	1.919
-7.247	1.917
-7.247	1.899
-7.247	1.880
-7.247	1.874
-7.247	1.861
-7.247	1.853
-7.247	1.817
-6.874	1.714
-6.874	2.052
-6.874	1.916
-6.874	1.913
-6.874	1.918
-6.874	1.917
-6.874	1.898
-6.874	1.910
-6.874	1.921
-6.874	1.922
-6.874	1.905
-6.874	1.887
-6.874	1.852
-6.874	1.763
-6.874	2.092
-6.874	1.963
-6.874	1.964
-6.873	1.968
-6.873	1.976
-6.873	1.971
-6.873	1.964
-6.873	1.959
-6.873	1.967
-6.873	1.971
-6.873	1.974
-6.873	1.975
-6.873	1.981
-6.873	1.968
-6.873	1.974
-6.873	1.969
-6.873	1.971
-6.873	1.985
-6.871	1.988
-6.871	1.973
-6.871	1.981
-6.871	1.984
-6.871	1.990
-6.871	1.985
-6.871	1.978
-6.871	1.991
-6.871	1.979
-6.871	1.981
-6.871	1.985
-6.871	1.985
-6.871	1.968
-6.871	1.971
-6.871	1.979
-6.871	1.972
-6.871	1.969
-6.871	1.962
-6.871	1.969
-6.871	1.970
-6.871	1.954
-6.871	1.948
-6.871	1.950
-6.871	1.949
-6.871	1.940
-6.871	1.948
-6.871	1.941
-6.871	1.932
-6.871	1.928
-6.871	1.924
-6.871	1.925
-6.749	1.928
-6.749	1.912
-6.749	1.911
-6.749	1.901
-6.749	1.894
-6.749	1.900
-6.749	1.894
-6.749	1.891
-6.749	1.876
-6.749	1.877
-6.749	1.879
-6.749	1.888
-6.749	1.863
-6.749	1.861
-6.749	1.855
-6.749	1.860
-6.749	1.860
-6.749	1.855
-6.577	1.856
-6.577	1.852
-6.577	1.946
-6.577	1.653
-6.577	1.731
-6.577	1.764
-6.577	1.773
-6.577	1.775
-6.577	1.776
-6.577	1.777
-6.577	1.874
-6.577	1.571
-6.577	1.649
-6.577	1.682
-6.577	1.689
-6.577	1.689
-6.339	1.681
-6.339	1.680
-6.339	1.672
-6.339	1.670
-6.339	1.673
-6.339	1.666
-6.339	1.654
-6.339	1.660
-6.339	1.663
-6.339	1.666
-6.339	1.667
-6.339	1.664
-6.339	1.657
-6.339	1.762
-6.339	1.458
-6.339	1.498
-6.339	1.464
-6.230	1.771
-6.230	1.654
-6.230	1.660
-6.230	1.659
-6.230	1.657
-6.230	1.647
-6.230	1.597
-6.230	1.517
-6.230	1.815
-6.230	1.690
-6.230	1.698
-6.230	1.696
-6.230	1.711
-6.230	1.720
-6.230	1.701
-6.232	1.705
-6.232	1.709
-6.232	1.712
-6.232	1.716
-6.232	1.724
-6.232	1.726
-6.232	1.724
-6.232	1.713
-6.232	1.708
-6.232	1.695
-6.232	1.659
-6.232	1.587
-6.232	1.877
-6.232	1.763
-6.232	1.757
-6.232	1.767
-6.232	1.774
-6.279	1.764
-6.279	1.752
-6.279	1.745
-6.279	1.746
-6.279	1.749
-6.279	1.746
-6.279	1.749
-6.279	1.751
-6.279	1.732
-6.279	1.744
-6.279	1.739
-6.279	1.727
-6.279	1.735
-6.279	1.730
-6.279	1.832
-6.279	1.546
-6.064	1.613
-6.064	1.644
-6.064	1.653
-6.064	1.658
-6.064	1.655
-6.064	1.664
-6.064	1.759
-6.064	1.589
-6.064	1.379
-6.064	1.476
-6.064	1.525
-6.064	1.542
-6.064	1.528
-6.064	1.518
-6.064	1.535
-6.064	1.542
-6.064	1.525
-6.064	1.520
-5.878	1.507
-5.878	1.511
-5.878	1.500
-5.878	1.503
-5.878	1.522
-5.878	1.506
-5.878	1.504
-5.878	1.495
-5.878	1.480
-5.878	1.442
-5.878	1.361
-5.878	1.651
-5.878	1.545
-5.878	1.557
-5.679	1.539
-5.679	1.538
-5.679	1.517
-5.679	1.458
-5.679	1.364
-5.679	1.568
-5.679	1.738
-5.679	1.627
-5.679	1.617
-5.679	1.615
-5.679	1.627
-5.679	1.621
-5.679	1.606
-5.679	1.615
-5.679	1.619
-5.679	1.620
-5.679	1.628
-5.577	1.624
-5.577	1.621
-5.577	1.626
-5.577	1.612
-5.577	1.622
-5.577	1.613
-5.577	1.621
-5.577	1.614
-5.577	1.617
-5.577	1.626
-5.577	1.623
-5.577	1.628
-5.577	1.616
-5.577	1.639
-5.577	1.634
-5.579	1.633
-5.579	1.632
-5.579	1.620
-5.579	1.621
-5.579	1.619
-5.579	1.631
-5.579	1.633
-5.579	1.639
-5.579	1.627
-5.579	1.632
-5.579	1.627
-5.579	1.621
-5.579	1.622
-5.579	1.624
-5.579	1.633
-5.577	1.625
-5.577	1.631
-5.577	1.627
-5.577	1.609
-5.577	1.611
-5.577	1.718
-5.577	1.443
-5.577	1.522
-5.577	1.565
-5.577	1.572
-5.577	1.572
-5.577	1.562
-5.577	1.554
-5.577	1.549
-5.577	1.558
-5.577	1.550
-5.481	1.555
-5.481	1.551
-5.481	1.563
-5.481	1.538
-5.481	1.533
-5.481	1.533
-5.481	1.519
-5.481	1.540
-5.481	1.529
-5.481	1.527
-5.481	1.537
-5.481	1.528
-5.481	1.516
-5.481	1.519
-5.481	1.521
-5.481	1.511
-5.283	1.490
-5.283	1.488
-5.283	1.471
-5.283	1.398
-5.283	1.650
-5.283	1.540
-5.283	1.536
-5.283	1.534
-5.283	1.517
-5.283	1.533
-5.283	1.540
-5.283	1.531
-5.283	1.511
-5.283	1.515
-5.283	1.515
-5.037	1.504
-5.037	1.486
-5.037	1.512
-5.037	1.518
-5.037	1.523
-5.037	1.503
-5.037	1.489
-5.037	1.501
-5.037	1.497
-5.037	1.490
-5.037	1.499
-5.037	1.507
-5.037	1.499
-5.037	1.487
-5.037	1.490
-5.037	1.511
-5.037	1.499
-4.918	1.474
-4.918	1.492
-4.918	1.502
-4.918	1.505
-4.918	1.501
-4.918	1.503
-4.918	1.508
-4.918	1.496
-4.918	1.489
-4.918	1.491
-4.918	1.513
-4.918	1.505
-4.918	1.509
-4.918	1.517
-4.918	1.517
-4.920	1.505
-4.920	1.487
-4.920	1.483
-4.920	1.507
-4.920	1.520
-4.920	1.505
-4.920	1.516
-4.920	1.508
-4.920	1.515
-4.920	1.492
-4.920	1.504
-4.920	1.515
-4.920	1.515
-4.920	1.502
-4.920	1.511
-4.920	1.516
-4.920	1.503
-4.918	1.507
-4.918	1.499
-4.918	1.503
-4.918	1.500
-4.918	1.502
-4.918	1.497
-4.918	1.497
-4.918	1.505
-4.918	1.476
-4.918	1.492
-4.918	1.474
-4.918	1.487
-4.918	1.478
-4.918	1.476
-4.918	1.479
-4.865	1.481
-4.865	1.472
-4.865	1.463
-4.865	1.475
-4.865	1.462
-4.865	1.465
-4.865	1.455
-4.865	1.457
-4.865	1.441
-4.865	1.437
-4.865	1.431
-4.865	1.445
-4.865	1.441
-4.865	1.434
-4.865	1.432
-4.865	1.430
-4.865	1.419
-4.593	1.424
-4.593	1.414
-4.593	1.405
-4.593	1.408
-4.593	1.416
-4.593	1.400
-4.593	1.419
-4.593	1.491
-4.593	1.262
-4.593	1.323
-4.593	1.352
-4.593	1.354
-4.593	1.366
-4.593	1.369
-4.593	1.364
-4.593	1.360
-4.593	1.353
-4.372	1.358
-4.372	1.348
-4.372	1.349
-4.372	1.350
-4.372	1.364
-4.372	1.357
-4.372	1.359
-4.372	1.357
-4.372	1.359
-4.372	1.359
-4.372	1.354
-4.372	1.363
-4.372	1.365
-4.372	1.355
-4.372	1.374
-4.373	1.378
-4.373	1.375
-4.373	1.366
-4.373	1.363
-4.373	1.425
-4.373	1.133
-4.373	1.429
-4.373	1.357
-4.373	1.378
-4.373	1.385
-4.373	1.385
-4.373	1.383
-4.373	1.373
-4.373	1.376
-4.373	1.375
-4.373	1.376
-4.372	1.380
-4.372	1.383
-4.372	1.388
-4.372	1.371
-4.372	1.377
-4.372	1.374
-4.372	1.373
-4.372	1.379
-4.372	1.376
-4.372	1.384
-4.372	1.381
-4.372	1.389
-4.372	1.380
-4.372	1.376
-4.372	1.386
-4.372	1.378
-4.372	1.361
-4.373	1.332
-4.373	1.269
-4.373	1.512
-4.373	1.415
-4.373	1.401
-4.373	1.412
-4.373	1.413
-4.373	1.403
-4.373	1.401
-4.373	1.410
-4.373	1.397
-4.373	1.394
-4.373	1.389
-4.373	1.396
-4.373	1.380
-4.201	1.394
-4.201	1.382
-4.201	1.389
-4.201	1.377
-4.201	1.385
-4.201	1.374
-4.201	1.377
-4.201	1.374
-4.201	1.365
-4.201	1.364
-4.201	1.365
-4.201	1.356
-4.201	1.359
-4.201	1.360
-4.201	1.347
-4.201	1.351
-3.996	1.345
-3.996	1.345
-3.996	1.337
-3.996	1.335
-3.996	1.333
-3.996	1.331
-3.996	1.328
-3.996	1.323
-3.996	1.329
-3.996	1.342
-3.996	1.318
-3.996	1.315
-3.996	1.337
-3.996	1.329
-3.996	1.303
-3.996	1.320
-3.728	1.320
-3.728	1.330
-3.728	1.305
-3.728	1.308
-3.728	1.313
-3.728	1.298
-3.728	1.299
-3.728	1.310
-3.728	1.320
-3.728	1.317
-3.728	1.300
-3.728	1.315
-3.728	1.310
-3.728	1.302
-3.728	1.306
-3.728	1.311
-3.644	1.315
-3.644	1.318
-3.644	1.313
-3.644	1.319
-3.644	1.307
-3.644	1.306
-3.644	1.306
-3.644	1.387
-3.644	1.195
-3.644	1.242
-3.644	1.250
-3.644	1.269
-3.644	1.262
-3.644	1.265
-3.644	1.263
-3.644	1.260
-3.642	1.269
-3.642	1.266
-3.642	1.264
-3.642	1.274
-3.642	1.273
-3.642	1.257
-3.642	1.261
-3.642	1.256
-3.642	1.260
-3.642	1.254
-3.642	1.276
-3.642	1.271
-3.642	1.264
-3.642	1.252
-3.642	1.262
-3.642	1.251
-3.642	1.237
-3.642	1.257
-3.642	1.266
-3.642	1.258
-3.642	1.212
-3.642	1.161
-3.642	1.367
-3.642	1.271
-3.642	1.272
-3.642	1.284
-3.642	1.298
-3.642	1.297
-3.642	1.284
-3.642	1.269
-3.642	1.267
-3.642	1.269
-3.537	1.264
-3.537	1.266
-3.537	1.273
-3.537	1.274
-3.537	1.270
-3.537	1.266
-3.537	1.249
-3.537	1.247
-3.537	1.238
-3.537	1.248
-3.537	1.256
-3.537	1.252
-3.537	1.249
-3.537	1.250
-3.331	1.250
-3.331	1.236
-3.331	1.231
-3.331	1.227
-3.331	1.237
-3.331	1.295
-3.331	1.108
-3.331	1.166
-3.331	1.173
-3.331	1.175
-3.331	1.185
-3.331	1.166
-3.331	1.176
-3.331	1.176
-3.331	1.178
-3.331	1.180
-3.331	1.173
-3.331	1.167
-3.125	1.155
-3.125	1.156
-3.125	1.140
-3.125	1.160
-3.125	1.169
-3.125	1.167
-3.125	1.155
-3.125	1.150
-3.125	1.144
-3.125	1.143
-3.125	1.143
-3.125	1.160
-3.125	1.167
-3.125	1.146
-3.125	1.145
-2.974	1.140
-2.974	1.106
-2.974	1.061
-2.974	1.336
-2.974	1.061
-2.974	1.123
-2.974	1.142
-2.974	1.152
-2.974	1.161
-2.974	1.151
-2.974	1.154
-2.974	1.145
-2.974	1.142
-2.974	1.150
-2.974	1.161
-2.974	1.158
-2.974	1.151
-2.976	1.152
-2.976	1.141
-2.976	1.154
-2.976	1.153
-2.976	1.158
-2.976	1.153
-2.976	1.156
-2.976	1.157
-2.976	1.155
-2.976	1.153
-2.976	1.152
-2.976	1.161
-2.976	1.174
-2.976	1.158
-2.976	1.150
-2.974	1.121
-2.974	1.071
-2.974	1.279
-2.974	1.196
-2.974	1.201
-2.974	1.190
-2.974	1.178
-2.974	1.185
-2.974	1.191
-2.974	1.195
-2.974	1.196
-2.974	1.195
-2.974	1.173
-2.974	1.172
-2.974	1.173
-2.974	1.178
-2.863	1.177
-2.863	1.164
-2.863	1.166
-2.863	1.160
-2.863	1.167
-2.863	1.157
-2.863	1.154
-2.863	1.161
-2.863	1.147
-2.863	1.148
-2.863	1.147
-2.863	1.132
-2.863	1.139
-2.863	1.138
-2.863	1.140
-2.863	1.128
-2.638	1.115
-2.638	1.118
-2.638	1.115
-2.638	1.101
-2.638	1.117
-2.638	1.118
-2.638	1.113
-2.638	1.105
-2.638	1.093
-2.638	1.099
-2.638	1.098
-2.638	1.095
-2.638	1.093
-2.638	1.100
-2.638	1.086
-2.638	1.089
-2.638	1.093
-2.397	1.109
-2.397	1.070
-2.397	1.074
-2.397	1.073
-2.397	1.070
-2.397	1.073
-2.397	1.086
-2.397	1.091
-2.397	1.083
-2.397	1.066
-2.397	1.070
-2.397	1.068
-2.397	1.069
-2.397	1.077
-2.397	1.083
-2.243	1.081
-2.243	1.088
-2.243	1.075
-2.243	1.071
-2.243	1.072
-2.243	1.066
-2.243	1.074
-2.243	1.067
-2.243	1.090
-2.243	1.081
-2.243	1.088
-2.243	1.064
-2.243	1.148
-2.243	0.962
-2.243	1.009
-2.243	1.012
-2.243	1.059
-2.194	1.064
-2.194	1.065
-2.194	1.057
-2.194	1.053
-2.194	1.036
-2.194	1.032
-2.194	1.046
-2.194	1.052
-2.194	1.055
-2.194	1.055
-2.194	1.051
-2.194	1.043
-2.194	1.030
-2.194	1.031
-2.194	1.110
-2.196	0.934
-2.196	0.983
-2.196	1.006
-2.196	1.022
-2.196	1.010
-2.196	1.008
-2.196	0.998
-2.196	0.991
-2.196	0.982
-2.196	0.985
-2.196	0.928
-2.196	1.099
-2.196	1.026
-2.196	1.034
-2.196	1.074
-2.196	0.899
-2.167	0.956
-2.167	0.977
-2.167	0.993
-2.167	0.993
-2.167	0.980
-2.167	0.970
-2.167	0.977
-2.167	0.971
-2.167	0.969
-2.167	0.973
-2.167	0.980
-2.167	0.962
-2.167	0.929
-2.167	0.872
-2.167	1.058
-2.167	0.983
-2.167	0.989
-2.042	0.986
-2.042	0.985
-2.042	0.975
-2.042	0.982
-2.042	0.991
-2.042	0.979
-2.042	0.979
-2.042	0.973
-2.042	0.987
-2.042	0.970
-2.042	0.952
-2.042	0.908
-2.042	1.142
-2.042	0.907
-2.042	0.942
-1.909	0.954
-1.909	0.961
-1.909	0.981
-1.909	0.977
-1.909	0.966
-1.909	0.963
-1.909	0.954
-1.909	0.951
-1.909	0.939
-1.909	0.954
-1.909	0.968
-1.909	0.968
-1.909	0.954
-1.909	1.005
-1.909	0.838
-1.909	0.888
-1.909	0.914
-1.909	0.915
-1.773	0.916
-1.773	0.936
-1.773	0.940
-1.773	0.930
-1.773	0.928
-1.773	0.905
-1.773	0.910
-1.773	0.901
-1.773	0.895
-1.773	0.844
-1.773	1.011
-1.773	0.960
-1.773	0.953
-1.773	0.943
-1.773	0.939
-1.677	0.950
-1.677	0.963
-1.677	0.955
-1.677	0.976
-1.677	0.971
-1.677	0.973
-1.677	0.952
-1.677	0.937
-1.677	0.948
-1.677	0.930
-1.677	0.907
-1.677	1.065
-1.677	0.999
-1.677	0.990
-1.677	0.993
-1.677	0.986
-1.677	0.982
-1.677	0.986
-1.677	0.995
-1.677	1.010
-1.677	1.000
-1.677	0.996
-1.677	0.987
-1.677	0.981
-1.677	0.987
-1.677	0.981
-1.677	0.978
-1.677	0.986
-1.677	0.982
-1.677	0.986
-1.677	0.968
-1.677	0.964
-1.720	0.971
-1.720	0.972
-1.720	0.972
-1.720	0.981
-1.720	0.971
-1.720	0.977
-1.720	0.953
-1.720	0.964
-1.720	0.956
-1.720	0.961
-1.720	0.966
-1.720	0.970
-1.720	0.971
-1.720	0.955
-1.720	0.950
-1.515	0.952
-1.515	0.934
-1.515	0.934
-1.515	0.956
-1.515	0.952
-1.515	0.957
-1.515	0.935
-1.515	0.927
-1.515	0.925
-1.515	0.925
-1.515	0.926
-1.515	0.930
-1.515	0.923
-1.515	0.935
-1.515	0.930
-1.515	0.914
-1.515	0.900
-1.317	0.893
-1.317	0.895
-1.317	0.917
-1.317	0.903
-1.317	0.916
-1.317	0.961
-1.317	0.806
-1.317	0.832
-1.317	0.842
-1.317	0.858
-1.317	0.864
-1.317	0.870
-1.317	0.868
-1.317	0.853
-1.317	0.854
-1.317	0.839
-1.317	0.832
-1.317	0.834
-1.068	0.831
-1.068	0.862
-1.068	0.854
-1.068	0.846
-1.068	0.840
-1.068	0.837
-1.068	0.834
-1.068	0.844
-1.068	0.844
-1.068	0.906
-1.068	0.772
-1.068	0.803
-1.068	0.820
-1.068	0.813
-1.068	0.808
-1.009	0.881
-1.009	0.705
-1.009	0.718
-1.009	0.888
-1.009	0.842
-1.009	0.829
-1.009	0.830
-1.009	0.875
-1.009	0.731
-1.009	0.762
-1.009	0.799
-1.009	0.811
-1.009	0.819
-1.009	0.810
-1.009	0.817
-1.009	0.804
-1.009	0.790
-1.009	0.803
-1.010	0.815
-1.010	0.821
-1.010	0.818
-1.010	0.818
-1.010	0.807
-1.010	0.771
-1.010	0.740
-1.010	0.885
-1.010	0.831
-1.010	0.839
-1.010	0.829
-1.010	0.812
-1.010	0.760
-1.010	0.920
-1.010	0.854
-1.009	0.840
-1.009	0.848
-1.009	0.841
-1.009	0.802
-1.009	0.767
-1.009	0.922
-1.009	0.876
-1.009	0.853
-1.009	0.849
-1.009	0.854
-1.009	0.858
-1.009	0.834
-1.009	0.834
-1.009	0.848
-1.009	0.840
-1.009	0.822
-1.009	0.819
-0.780	0.822
-0.780	0.835
-0.780	0.811
-0.780	0.823
-0.780	0.812
-0.780	0.814
-0.780	0.800
-0.780	0.787
-0.780	0.805
-0.780	0.810
-0.780	0.792
-0.780	0.793
-0.780	0.795
-0.780	0.801
-0.780	0.771
-0.543	0.777
-0.543	0.800
-0.543	0.801
-0.543	0.773
-0.543	0.769
-0.543	0.792
-0.543	0.774
-0.543	0.759
-0.543	0.754
-0.543	0.786
-0.543	0.788
-0.543	0.772
-0.543	0.766
-0.543	0.782
-0.543	0.768
-0.543	0.768
-0.543	0.753
-0.401	0.778
-0.401	0.776
-0.401	0.762
-0.401	0.765
-0.401	0.786
-0.401	0.769
-0.401	0.811
-0.401	0.684
-0.401	0.733
-0.401	0.747
-0.401	0.749
-0.401	0.746
-0.401	0.764
-0.401	0.746
-0.401	0.739
-0.400	0.741
-0.400	0.753
-0.400	0.740
-0.400	0.738
-0.400	0.753
-0.400	0.752
-0.400	0.747
-0.400	0.728
-0.400	0.733
-0.400	0.738
-0.400	0.750
-0.400	0.742
-0.400	0.767
-0.400	0.761
-0.400	0.751
-0.400	0.733
-0.400	0.745
-0.400	0.749
-0.398	0.738
-0.398	0.735
-0.398	0.735
-0.398	0.702
-0.398	0.827
-0.398	0.771
-0.398	0.762
-0.398	0.774
-0.398	0.752
-0.398	0.748
-0.398	0.764
-0.398	0.769
-0.398	0.763
-0.398	0.767
-0.398	0.760
-0.328	0.749
-0.328	0.747
-0.328	0.753
-0.328	0.769
-0.328	0.768
-0.328	0.754
-0.328	0.748
-0.328	0.762
-0.328	0.745
-0.328	0.731
-0.328	0.727
-0.328	0.751
-0.328	0.753
-0.328	0.731
-0.328	0.732
-0.328	0.736
-0.328	0.729
-0.153	0.721
-0.153	0.717
-0.153	0.725
-0.153	0.710
-0.153	0.710
-0.153	0.702
-0.153	0.721
-0.153	0.723
-0.153	0.706
-0.153	0.702
-0.153	0.709
-0.153	0.696
-0.153	0.702
-0.153	0.702
-0.153	0.704
0.024	0.694
0.024	0.688
0.024	0.742
0.024	0.638
0.024	0.660
0.024	0.657
0.024	0.672
0.024	0.668
0.024	0.661
0.024	0.648
0.024	0.654
0.024	0.675
0.024	0.673
0.024	0.660
0.024	0.655
0.024	0.655
0.024	0.645
0.247	0.651
0.247	0.670
0.247	0.661
0.247	0.663
0.247	0.666
0.247	0.659
0.247	0.662
0.247	0.657
0.247	0.651
0.247	0.666
0.247	0.674
0.247	0.674
0.247	0.672
0.247	0.670
0.247	0.642
0.287	0.656
0.287	0.659
0.287	0.636
0.287	0.646
0.287	0.675
0.287	0.679
0.287	0.681
0.287	0.678
0.287	0.672
0.287	0.667
0.287	0.655
0.287	0.672
0.287	0.662
0.287	0.715
0.287	0.607
0.287	0.623
0.287	0.642
0.287	0.648
0.287	0.635
0.285	0.635
0.285	0.643
0.285	0.643
0.285	0.677
0.285	0.577
0.285	0.596
0.285	0.605
0.285	0.597
0.285	0.605
0.285	0.598
0.285	0.588
0.285	0.545
0.285	0.666
0.285	0.625
0.398	0.622
0.398	0.606
0.398	0.604
0.398	0.609
0.398	0.595
0.398	0.616
0.398	0.607
0.398	0.613
0.398	0.587
0.398	0.588
0.398	0.556
0.398	0.662
0.398	0.624
0.398	0.609
0.398	0.610
0.398	0.619
0.398	0.611
0.549	0.608
0.549	0.590
0.549	0.557
0.549	0.661
0.549	0.628
0.549	0.619
0.549	0.635
0.549	0.622
0.549	0.616
0.549	0.609
0.549	0.623
0.549	0.597
0.549	0.608
0.549	0.613
0.549	0.602
0.670	0.618
0.670	0.625
0.670	0.620
0.670	0.598
0.670	0.589
0.670	0.590
0.670	0.602
0.670	0.606
0.670	0.613
0.670	0.613
0.670	0.606
0.670	0.598
0.670	0.592
0.670	0.601
0.670	0.599
0.861	0.599
0.861	0.614
0.861	0.623
0.861	0.622
0.861	0.599
0.861	0.604
0.861	0.600
0.861	0.605
0.861	0.617
0.861	0.629
0.861	0.632
0.861	0.631
0.861	0.612
0.861	0.612
0.861	0.627
0.862	0.604
0.862	0.615
0.862	0.631
0.862	0.629
0.862	0.631
0.862	0.629
0.862	0.627
0.862	0.620
0.862	0.618
0.862	0.615
0.862	0.632
0.862	0.643
0.862	0.642
0.862	0.619
0.862	0.637
0.862	0.628
0.862	0.612
0.861	0.620
0.861	0.620
0.861	0.635
0.861	0.624
0.861	0.624
0.861	0.616
0.861	0.610
0.861	0.600
0.861	0.594
0.861	0.608
0.861	0.617
0.861	0.610
0.861	0.602
0.861	0.615
0.861	0.601
0.990	0.593
0.990	0.590
0.990	0.602
0.990	0.607
0.990	0.607
0.990	0.601
0.990	0.597
0.990	0.594
0.990	0.579
0.990	0.577
0.990	0.585
0.990	0.586
0.990	0.569
0.990	0.582
0.990	0.593
0.990	0.561
0.990	0.567
1.093	0.556
1.093	0.570
1.093	0.559
1.093	0.571
1.093	0.568
1.093	0.567
1.093	0.559
1.093	0.564
1.093	0.564
1.093	0.560
1.093	0.549
1.093	0.555
1.093	0.553
1.093	0.554
1.093	0.554
1.241	0.550
1.241	0.537
1.241	0.523
1.241	0.525
1.241	0.543
1.241	0.544
1.241	0.533
1.241	0.530
1.241	0.523
1.241	0.530
1.241	0.535
1.241	0.535
1.241	0.540
1.241	0.539
1.241	0.528
1.241	0.532
1.241	0.523
1.375	0.536
1.375	0.525
1.375	0.532
1.375	0.536
1.375	0.540
1.375	0.532
1.375	0.524
1.375	0.527
1.375	0.538
1.375	0.531
1.375	0.530
1.375	0.542
1.375	0.538
1.375	0.538
1.375	0.575
1.375	0.501
1.376	0.514
1.376	0.507
1.376	0.520
1.376	0.535
1.376	0.546
1.376	0.544
1.376	0.547
1.376	0.537
1.376	0.531
1.376	0.517
1.376	0.530
1.376	0.542
1.376	0.542
1.376	0.554
1.376	0.536
1.376	0.544
1.376	0.575
1.376	0.481
1.378	0.499
1.378	0.516
1.378	0.526
1.378	0.530
1.378	0.569
1.378	0.474
1.378	0.501
1.378	0.494
1.378	0.492
1.378	0.484
1.378	0.461
1.378	0.549
1.378	0.518
1.378	0.512
1.378	0.517
1.495	0.513
1.495	0.504
1.495	0.502
1.495	0.494
1.495	0.497
1.495	0.489
1.495	0.504
1.495	0.504
1.495	0.491
1.495	0.489
1.495	0.480
1.495	0.484
1.495	0.473
1.495	0.430
1.495	0.533
1.495	0.504
1.495	0.503
1.602	0.497
1.602	0.485
1.602	0.450
1.602	0.548
1.602	0.504
1.602	0.504
1.602	0.513
1.602	0.501
1.602	0.506
1.602	0.513
1.602	0.510
1.602	0.511
1.602	0.503
1.602	0.492
1.602	0.491
1.712	0.504
1.712	0.507
1.712	0.502
1.712	0.513
1.712	0.498
1.712	0.493
1.712	0.499
1.712	0.500
1.712	0.490
1.712	0.495
1.712	0.501
1.712	0.545
1.712	0.446
1.712	0.470
1.712	0.469
1.712	0.487
1.712	0.482
1.889	0.489
1.889	0.489
1.889	0.485
1.889	0.474
1.889	0.474
1.889	0.484
1.889	0.478
1.889	0.479
1.889	0.494
1.889	0.489
1.889	0.471
1.889	0.478
1.889	0.493
1.889	0.489
1.889	0.478
1.959	0.493
1.959	0.490
1.959	0.493
1.959	0.489
1.959	0.484
1.959	0.495
1.959	0.492
1.959	0.495
1.959	0.487
1.959	0.464
1.959	0.546
1.959	0.509
1.959	0.512
1.959	0.503
1.959	0.510
1.959	0.503
1.959	0.491
1.961	0.513
1.961	0.517
1.961	0.506
1.961	0.512
1.961	0.504
1.961	0.494
1.961	0.482
1.961	0.490
1.961	0.499
1.961	0.505
1.961	0.493
1.961	0.497
1.961	0.504
1.961	0.484
1.961	0.478
1.961	0.487
1.961	0.500
2.057	0.490
2.057	0.484
2.057	0.495
2.057	0.475
2.057	0.470
2.057	0.471
2.057	0.470
2.057	0.475
2.057	0.480
2.057	0.480
2.057	0.482
2.057	0.472
2.057	0.465
2.057	0.455
2.264	0.466
2.264	0.468
2.264	0.455
2.264	0.472
2.264	0.464
2.264	0.467
2.264	0.459
2.264	0.466
2.264	0.454
2.264	0.457
2.264	0.461
2.264	0.465
2.264	0.469
2.264	0.457
2.264	0.459
2.422	0.436
2.422	0.452
2.422	0.455
2.422	0.463
2.422	0.462
2.422	0.460
2.422	0.462
2.422	0.456
2.422	0.442
2.422	0.438
2.422	0.440
2.422	0.439
2.422	0.451
2.422	0.464
2.422	0.459
2.422	0.452
2.422	0.433
2.605	0.447
2.605	0.437
2.605	0.449
2.605	0.452
2.605	0.466
2.605	0.468
2.605	0.461
2.605	0.447
2.605	0.442
2.605	0.437
2.605	0.441
2.605	0.462
2.605	0.464
2.605	0.482
2.605	0.458
2.606	0.447
2.606	0.441
2.606	0.436
2.606	0.446
2.606	0.460
2.606	0.461
2.606	0.468
2.606	0.472
2.606	0.464
2.606	0.455
2.606	0.445
2.606	0.446
2.606	0.456
2.606	0.472
2.606	0.474
2.606	0.463
2.606	0.469
2.608	0.463
2.608	0.455
2.608	0.454
2.608	0.450
2.608	0.456
2.608	0.462
2.608	0.466
2.608	0.469
2.608	0.464
2.608	0.454
2.608	0.442
2.608	0.447
2.608	0.465
2.608	0.458
2.608	0.458
2.721	0.479
2.721	0.452
2.721	0.444
2.721	0.452
2.721	0.443
2.721	0.445
2.721	0.452
2.721	0.457
2.721	0.464
2.721	0.459
2.721	0.444
2.721	0.439
2.721	0.453
2.721	0.454
2.721	0.442
2.721	0.449
2.721	0.459
2.884	0.442
2.884	0.447
2.884	0.442
2.884	0.447
2.884	0.441
2.884	0.442
2.884	0.444
2.884	0.449
2.884	0.439
2.884	0.439
2.884	0.436
2.884	0.437
2.884	0.429
2.884	0.434
2.919	0.438
2.919	0.435
2.919	0.438
2.919	0.444
2.919	0.432
2.919	0.435
2.919	0.444
2.919	0.429
2.919	0.436
2.919	0.438
2.919	0.428
2.919	0.438
2.919	0.427
2.919	0.443
2.919	0.433
2.919	0.421
2.919	0.443
2.992	0.428
2.992	0.429
2.992	0.429
2.992	0.434
2.992	0.437
2.992	0.432
2.992	0.429
2.992	0.443
2.992	0.427
2.992	0.425
2.992	0.438
2.992	0.447
2.992	0.439
2.992	0.445
2.992	0.442
