4.001	0.003
-8.792	-0.007
-8.792	-0.005
-8.792	0.007
-8.792	0.002
-8.792	0.001
-8.792	-0.007
-8.792	-0.011
-8.792	-0.001
-8.792	-0.003
-8.792	0.005
-8.792	0.002
-8.792	-0.004
-8.792	0.004
-8.792	0.001
-8.792	0.008
-8.792	0.002
-8.792	0.004
-8.792	-0.002
-8.794	0.009
-8.794	0.013
-8.794	0.010
-8.794	0.003
-8.794	0.014
-8.794	-0.004
-8.794	-0.001
-8.794	0.011
-8.794	0.012
-8.794	0.013
-8.794	0.015
-8.794	0.002
-8.794	0.016
-8.794	0.016
-8.794	-0.005
-8.794	0.013
-8.794	0.010
-8.795	0.009
-8.795	0.024
-8.795	0.007
-8.795	0.019
-8.795	0.006
-8.795	0.015
-8.795	0.016
-8.795	0.019
-8.795	0.008
-8.795	0.001
-8.795	0.009
-8.795	0.016
-8.795	0.025
-8.795	-0.005
-8.795	-0.004
-8.795	0.001
-8.795	-0.001
-8.794	-0.002
-8.794	0.020
-8.794	0.018
-8.794	-0.001
-8.794	0.004
-8.794	0.004
-8.794	-0.007
-8.794	0.002
-8.794	0.002
-8.794	0.007
-8.794	0.020
-8.794	-0.004
-8.794	0.008
-8.794	0.006
-8.795	0.006
-8.795	0.011
-8.795	-0.008
-8.795	0.005
-8.795	-0.005
-8.795	0.002
-8.795	-0.010
-8.795	0.005
-8.795	0.006
-8.795	0.004
-8.795	-0.013
-8.795	-0.019
-8.795	0.014
-8.795	0.004
-8.795	0.010
-8.795	0.003
-8.795	-0.001
-8.795	-0.008
-8.795	-0.001
-8.795	0.000
-8.795	0.003
-8.795	-0.002
-8.795	0.009
-8.795	0.016
-8.795	0.008
-8.795	0.002
-8.795	-0.011
-8.795	-0.003
-8.795	0.001
-8.795	0.013
-8.795	-0.003
-8.795	0.004
-8.795	0.020
-8.821	0.007
-8.821	0.016
-8.821	0.013
-8.821	0.014
-8.821	0.009
-8.821	0.009
-8.821	0.018
-8.821	0.019
-8.821	0.025
-8.821	0.001
-8.821	0.007
-8.821	0.007
-8.821	0.020
-8.821	0.008
-8.821	0.020
-8.821	0.005
-8.821	0.014
-8.821	0.010
-8.821	0.016
-8.820	0.023
-8.820	-0.000
-8.820	0.012
-8.820	0.008
-8.820	0.026
-8.820	0.011
-8.820	0.010
-8.820	0.011
-8.820	0.015
-8.820	0.006
-8.820	0.008
-8.820	0.017
-8.820	0.003
-8.820	0.005
-8.820	0.000
-8.820	0.007
-8.821	0.004
-8.821	-0.001
-8.821	0.015
-8.821	0.009
-8.821	0.020
-8.821	0.011
-8.821	-0.002
-8.821	0.010
-8.821	0.011
-8.821	0.004
-8.821	0.015
-8.821	0.025
-8.821	0.013
-8.821	0.003
-8.821	0.006
-8.821	0.021
-8.821	0.004
-8.820	0.011
-8.820	-0.003
-8.820	0.021
-8.820	0.003
-8.820	0.009
-8.820	0.011
-8.820	0.014
-8.820	0.003
-8.820	-0.002
-8.820	0.011
-8.820	0.011
-8.820	0.009
-8.820	0.009
-8.820	0.013
-8.820	0.014
-8.818	0.005
-8.818	0.002
-8.818	0.006
-8.818	0.014
-8.818	0.007
-8.818	-0.002
-8.818	0.014
-8.818	0.022
-8.818	0.005
-8.818	-0.003
-8.818	0.007
-8.818	0.021
-8.818	-0.002
-8.818	0.013
-8.818	0.019
-8.818	0.012
-8.818	0.029
-8.818	0.010
-8.786	0.016
-8.786	0.007
-8.786	0.011
-8.786	0.015
-8.786	0.017
-8.786	0.013
-8.786	0.013
-8.786	0.015
-8.786	0.025
-8.786	0.014
-8.786	0.015
-8.786	0.014
-8.786	0.014
-8.786	0.016
-8.788	0.009
-8.788	0.010
-8.788	0.024
-8.788	0.018
-8.788	0.012
-8.788	0.016
-8.788	0.018
-8.788	0.019
-8.788	0.015
-8.788	0.013
-8.788	0.031
-8.788	0.011
-8.788	0.004
-8.788	0.012
-8.788	0.002
-8.788	0.005
-8.788	0.013
-8.823	0.017
-8.823	0.009
-8.823	0.015
-8.823	0.022
-8.823	0.025
-8.823	0.017
-8.823	0.014
-8.823	0.010
-8.823	0.018
-8.823	0.009
-8.823	0.014
-8.823	0.004
-8.823	0.013
-8.823	0.010
-8.823	0.009
-8.823	0.017
-8.779	0.021
-8.779	0.006
-8.779	0.002
-8.779	0.008
-8.779	0.013
-8.779	0.017
-8.779	0.008
-8.779	-0.001
-8.779	0.008
-8.779	0.013
-8.779	0.006
-8.779	0.018
-8.779	0.019
-8.779	0.007
-8.779	0.012
-8.779	0.027
-8.779	0.011
-8.779	-0.001
-8.777	0.005
-8.777	-0.004
-8.777	0.001
-8.777	-0.006
-8.777	-0.000
-8.777	0.005
-8.777	0.010
-8.777	0.014
-8.777	0.006
-8.777	0.018
-8.777	0.012
-8.777	0.006
-8.777	-0.004
-8.777	0.005
-8.777	0.010
-8.779	0.013
-8.779	0.001
-8.779	0.006
-8.779	0.002
-8.779	0.003
-8.779	0.008
-8.779	0.008
-8.779	-0.000
-8.779	-0.002
-8.779	0.006
-8.779	0.003
-8.779	-0.002
-8.779	-0.010
-8.779	-0.003
-8.779	-0.000
-8.779	-0.006
-8.779	0.012
-8.779	0.006
-8.780	0.012
-8.780	-0.000
-8.780	0.008
-8.780	-0.003
-8.780	0.007
-8.780	-0.004
-8.780	-0.007
-8.780	0.000
-8.780	0.005
-8.780	0.005
-8.780	0.011
-8.780	0.003
-8.780	-0.008
-8.780	-0.002
-8.812	0.005
-8.812	0.012
-8.812	0.005
-8.812	-0.003
-8.812	0.008
-8.812	0.014
-8.812	-0.004
-8.812	-0.001
-8.812	0.016
-8.812	0.006
-8.812	0.007
-8.812	0.019
-8.812	0.016
-8.812	0.010
-8.812	-0.003
-8.812	-0.003
-8.811	0.008
-8.811	0.012
-8.811	0.004
-8.811	0.007
-8.811	0.012
-8.811	0.010
-8.811	0.014
-8.811	0.007
-8.811	-0.002
-8.811	0.010
-8.811	0.007
-8.811	0.004
-8.811	0.009
-8.811	0.006
-8.750	0.008
-8.750	0.007
-8.750	0.012
-8.750	0.011
-8.750	0.005
-8.750	-0.001
-8.750	0.013
-8.750	0.020
-8.750	0.008
-8.750	0.022
-8.750	0.011
-8.750	0.003
-8.750	0.015
-8.750	0.012
-8.750	0.006
-8.750	0.007
-8.750	0.015
-8.690	0.016
-8.690	0.019
-8.690	0.026
-8.690	0.017
-8.690	0.024
-8.690	0.009
-8.690	0.018
-8.690	0.025
-8.690	0.019
-8.690	0.025
-8.690	0.046
-8.690	0.051
-8.690	0.036
-8.690	0.038
-8.690	0.029
-8.524	0.046
-8.524	0.049
-8.524	0.061
-8.524	0.068
-8.524	0.065
-8.524	0.056
-8.524	0.059
-8.524	0.058
-8.524	0.068
-8.524	0.063
-8.524	0.070
-8.524	0.081
-8.524	0.091
-8.524	0.091
-8.524	0.078
-8.524	0.080
-8.524	0.088
-8.524	0.066
-8.008	0.083
-8.008	0.086
-8.008	0.101
-8.008	0.107
-8.008	0.101
-8.008	0.107
-8.008	0.091
-8.008	0.083
-8.008	0.096
-8.008	0.101
-8.008	0.103
-8.008	0.124
-8.008	0.113
-8.008	0.103
-8.008	0.093
-7.930	0.102
-7.930	0.093
-7.930	0.104
-7.930	0.113
-7.930	0.119
-7.930	0.115
-7.930	0.110
-7.930	0.101
-7.930	0.100
-7.930	0.092
-7.930	0.088
-7.930	0.104
-7.930	0.098
-7.930	0.105
-7.930	0.119
-7.930	0.102
-7.930	0.116
-7.980	0.098
-7.980	0.086
-7.980	0.101
-7.980	0.101
-7.980	0.119
-7.980	0.111
-7.980	0.106
-7.980	0.111
-7.980	0.091
-7.980	0.091
-7.980	0.096
-7.980	0.112
-7.980	0.116
-7.980	0.101
-7.982	0.125
-7.982	0.113
-7.982	0.094
-7.982	0.091
-7.982	0.106
-7.982	0.110
-7.982	0.094
-7.982	0.103
-7.982	0.129
-7.982	0.122
-7.982	0.114
-7.982	0.124
-7.982	0.128
-7.982	0.120
-7.982	0.118
-7.982	0.123
-7.982	0.115
-7.982	0.133
-7.778	0.118
-7.778	0.143
-7.778	0.137
-7.778	0.126
-7.778	0.123
-7.778	0.115
-7.778	0.123
-7.778	0.131
-7.778	0.108
-7.778	0.108
-7.778	0.109
-7.778	0.095
-7.778	0.076
-7.778	0.080
-7.778	0.103
-7.778	0.086
-7.372	0.067
-7.372	0.074
-7.372	0.089
-7.372	0.068
-7.372	0.042
-7.372	0.060
-7.372	0.048
-7.372	0.029
-7.372	0.003
-7.372	0.035
-7.372	0.035
-7.372	0.005
-7.372	0.036
-7.372	0.015
-7.372	0.015
-7.012	-0.024
-7.012	-0.024
-7.012	0.003
-7.012	-0.014
-7.012	-0.017
-7.012	-0.023
-7.012	-0.024
-7.012	-0.023
-7.012	-0.048
-7.012	-0.037
-7.012	-0.011
-7.012	-0.012
-7.012	-0.025
-7.012	-0.031
-7.012	-0.032
-7.012	-0.028
-7.012	-0.042
-7.010	-0.041
-7.010	-0.031
-7.010	-0.026
-7.010	-0.025
-7.010	-0.021
-7.010	-0.023
-7.010	-0.016
-7.010	-0.039
-7.010	-0.036
-7.010	-0.027
-7.010	-0.023
-7.010	-0.019
-7.010	-0.020
-7.010	-0.012
-7.010	-0.029
-7.008	-0.048
-7.008	-0.024
-7.008	-0.012
-7.008	-0.018
-7.008	-0.020
-7.008	-0.008
-7.008	-0.006
-7.008	-0.026
-7.008	-0.028
-7.008	-0.027
-7.008	-0.014
-7.008	-0.028
-7.008	-0.017
-7.008	-0.020
-7.008	-0.014
-7.008	-0.029
-7.008	-0.037
-7.008	-0.026
-7.008	-0.044
-7.008	-0.036
-7.008	-0.026
-7.008	-0.036
-7.008	-0.031
-7.008	-0.039
-7.008	-0.040
-7.008	-0.058
-7.008	-0.057
-7.008	-0.064
-7.008	-0.051
-7.008	-0.053
-7.008	-0.058
-6.882	-0.079
-6.882	-0.094
-6.882	-0.094
-6.882	-0.081
-6.882	-0.090
-6.882	-0.090
-6.882	-0.097
-6.882	-0.095
-6.882	-0.121
-6.882	-0.127
-6.882	-0.138
-6.882	-0.131
-6.882	-0.137
-6.882	-0.149
-6.882	-0.143
-6.882	-0.142
-6.882	-0.162
-6.882	-0.172
-6.621	-0.180
-6.621	-0.180
-6.621	-0.197
-6.621	-0.222
-6.621	-0.202
-6.621	-0.209
-6.621	-0.228
-6.621	-0.238
-6.621	-0.237
-6.621	-0.261
-6.621	-0.258
-6.621	-0.260
-6.621	-0.250
-6.621	-0.250
-6.307	-0.290
-6.307	-0.265
-6.307	-0.272
-6.307	-0.272
-6.307	-0.273
-6.307	-0.302
-6.307	-0.297
-6.307	-0.297
-6.307	-0.288
-6.307	-0.308
-6.307	-0.308
-6.307	-0.303
-6.307	-0.306
-6.307	-0.325
-6.307	-0.315
-6.307	-0.307
-6.307	-0.325
-6.307	-0.332
-6.307	-0.338
-6.163	-0.276
-6.163	-0.314
-6.163	-0.314
-6.163	-0.298
-6.163	-0.300
-6.163	-0.312
-6.163	-0.308
-6.163	-0.312
-6.163	-0.306
-6.163	-0.308
-6.163	-0.303
-6.163	-0.276
-6.163	-0.318
-6.163	-0.308
-6.163	-0.326
-6.136	-0.332
-6.136	-0.316
-6.136	-0.317
-6.136	-0.321
-6.136	-0.311
-6.136	-0.298
-6.136	-0.337
-6.136	-0.281
-6.136	-0.307
-6.136	-0.298
-6.136	-0.305
-6.136	-0.307
-6.136	-0.296
-6.136	-0.296
-6.136	-0.307
-6.136	-0.302
-6.136	-0.297
-6.136	-0.294
-6.163	-0.313
-6.163	-0.313
-6.163	-0.308
-6.163	-0.315
-6.163	-0.327
-6.163	-0.321
-6.163	-0.319
-6.163	-0.324
-6.163	-0.325
-6.163	-0.349
-6.163	-0.339
-6.163	-0.352
-6.163	-0.360
-6.163	-0.362
-6.163	-0.345
-5.928	-0.359
-5.928	-0.362
-5.928	-0.376
-5.928	-0.365
-5.928	-0.427
-5.928	-0.398
-5.928	-0.403
-5.928	-0.417
-5.928	-0.413
-5.928	-0.421
-5.928	-0.418
-5.928	-0.414
-5.928	-0.479
-5.928	-0.457
-5.928	-0.460
-5.928	-0.457
-5.928	-0.465
-5.415	-0.470
-5.415	-0.469
-5.415	-0.469
-5.415	-0.479
-5.415	-0.479
-5.415	-0.467
-5.415	-0.479
-5.415	-0.479
-5.415	-0.490
-5.415	-0.482
-5.415	-0.478
-5.415	-0.486
-5.415	-0.489
-5.415	-0.485
-5.415	-0.494
-5.290	-0.491
-5.290	-0.487
-5.290	-0.497
-5.290	-0.492
-5.290	-0.501
-5.290	-0.501
-5.290	-0.496
-5.290	-0.491
-5.290	-0.486
-5.290	-0.483
-5.290	-0.486
-5.290	-0.489
-5.290	-0.490
-5.290	-0.498
-5.290	-0.491
-5.290	-0.497
-5.290	-0.487
-5.290	-0.482
-5.290	-0.492
-5.290	-0.489
-5.290	-0.500
-5.290	-0.500
-5.290	-0.486
-5.290	-0.487
-5.290	-0.485
-5.290	-0.485
-5.290	-0.490
-5.290	-0.500
-5.290	-0.500
-5.290	-0.491
-5.290	-0.483
-5.290	-0.486
-5.292	-0.477
-5.292	-0.479
-5.292	-0.486
-5.292	-0.484
-5.292	-0.499
-5.292	-0.505
-5.292	-0.502
-5.292	-0.487
-5.292	-0.481
-5.292	-0.488
-5.292	-0.506
-5.292	-0.487
-5.292	-0.500
-5.292	-0.506
-5.292	-0.516
-5.292	-0.500
-5.292	-0.500
-5.200	-0.511
-5.200	-0.508
-5.200	-0.521
-5.200	-0.534
-5.200	-0.537
-5.200	-0.534
-5.200	-0.537
-5.200	-0.535
-5.200	-0.530
-5.200	-0.545
-5.200	-0.550
-5.200	-0.571
-5.200	-0.567
-5.200	-0.575
-5.200	-0.571
-4.958	-0.574
-4.958	-0.584
-4.958	-0.580
-4.958	-0.574
-4.958	-0.595
-4.958	-0.615
-4.958	-0.615
-4.958	-0.596
-4.958	-0.606
-4.958	-0.621
-4.958	-0.627
-4.958	-0.611
-4.958	-0.622
-4.958	-0.640
-4.958	-0.669
-4.958	-0.562
-4.958	-0.604
-4.579	-0.612
-4.579	-0.619
-4.579	-0.612
-4.579	-0.624
-4.579	-0.625
-4.579	-0.631
-4.579	-0.625
-4.579	-0.616
-4.579	-0.638
-4.579	-0.609
-4.579	-0.621
-4.579	-0.625
-4.579	-0.641
-4.579	-0.608
-4.579	-0.620
-4.540	-0.624
-4.540	-0.620
-4.540	-0.603
-4.540	-0.607
-4.540	-0.622
-4.540	-0.632
-4.540	-0.614
-4.540	-0.617
-4.540	-0.616
-4.540	-0.621
-4.540	-0.614
-4.540	-0.595
-4.540	-0.582
-4.540	-0.716
-4.540	-0.568
-4.540	-0.585
-4.540	-0.616
-4.540	-0.627
-4.541	-0.615
-4.541	-0.612
-4.541	-0.620
-4.541	-0.621
-4.541	-0.616
-4.541	-0.606
-4.541	-0.625
-4.541	-0.616
-4.541	-0.610
-4.541	-0.604
-4.541	-0.630
-4.541	-0.608
-4.541	-0.621
-4.541	-0.621
-4.540	-0.629
-4.540	-0.613
-4.540	-0.625
-4.540	-0.637
-4.540	-0.696
-4.540	-0.576
-4.540	-0.608
-4.540	-0.611
-4.540	-0.601
-4.540	-0.602
-4.540	-0.614
-4.540	-0.596
-4.540	-0.695
-4.540	-0.664
-4.540	-0.657
-4.540	-0.664
-4.540	-0.663
-4.540	-0.657
-4.182	-0.658
-4.182	-0.671
-4.182	-0.684
-4.182	-0.688
-4.182	-0.686
-4.182	-0.696
-4.182	-0.706
-4.182	-0.692
-4.182	-0.687
-4.182	-0.703
-4.182	-0.707
-4.182	-0.717
-4.182	-0.724
-4.182	-0.733
-4.182	-0.710
-3.946	-0.690
-3.946	-0.656
-3.946	-0.770
-3.946	-0.736
-3.946	-0.745
-3.946	-0.756
-3.946	-0.760
-3.946	-0.727
-3.946	-0.738
-3.946	-0.737
-3.946	-0.736
-3.946	-0.731
-3.946	-0.736
-3.946	-0.744
-3.946	-0.753
-3.946	-0.741
-3.946	-0.734
-3.893	-0.730
-3.893	-0.738
-3.893	-0.722
-3.893	-0.713
-3.893	-0.729
-3.893	-0.734
-3.893	-0.736
-3.893	-0.720
-3.893	-0.721
-3.893	-0.721
-3.893	-0.714
-3.893	-0.713
-3.893	-0.715
-3.893	-0.713
-3.893	-0.763
-3.891	-0.642
-3.891	-0.667
-3.891	-0.692
-3.891	-0.681
-3.891	-0.688
-3.891	-0.695
-3.891	-0.702
-3.891	-0.695
-3.891	-0.702
-3.891	-0.709
-3.891	-0.707
-3.891	-0.700
-3.891	-0.687
-3.891	-0.708
-3.891	-0.712
-3.891	-0.711
-3.891	-0.715
-3.890	-0.741
-3.890	-0.742
-3.890	-0.701
-3.890	-0.726
-3.890	-0.729
-3.890	-0.740
-3.890	-0.753
-3.890	-0.766
-3.890	-0.766
-3.890	-0.753
-3.890	-0.761
-3.890	-0.756
-3.890	-0.735
-3.890	-0.915
-3.890	-0.717
-3.890	-0.762
-3.441	-0.798
-3.441	-0.800
-3.441	-0.814
-3.441	-0.804
-3.441	-0.813
-3.441	-0.809
-3.441	-0.805
-3.441	-0.811
-3.441	-0.834
-3.441	-0.829
-3.441	-0.824
-3.441	-0.830
-3.441	-0.829
-3.441	-0.814
-3.441	-0.806
-3.441	-0.822
-3.441	-0.856
-3.108	-0.838
-3.108	-0.855
-3.108	-0.853
-3.108	-0.841
-3.108	-0.827
-3.108	-0.823
-3.108	-0.846
-3.108	-0.828
-3.108	-0.825
-3.108	-0.809
-3.108	-0.770
-3.108	-0.916
-3.108	-0.846
-3.108	-0.845
-3.107	-0.848
-3.107	-0.850
-3.107	-0.860
-3.107	-0.874
-3.107	-0.848
-3.107	-0.847
-3.107	-0.846
-3.107	-0.832
-3.107	-0.855
-3.107	-0.838
-3.107	-0.849
-3.107	-0.843
-3.107	-0.854
-3.107	-0.866
-3.107	-0.850
-3.107	-0.845
-3.107	-0.843
-3.107	-0.832
-3.107	-0.837
-3.107	-0.839
-3.107	-0.841
-3.107	-0.852
-3.107	-0.846
-3.107	-0.857
-3.107	-0.851
-3.107	-0.850
-3.107	-0.860
-3.107	-0.870
-3.107	-0.864
-3.107	-0.872
-3.107	-0.870
-3.107	-0.860
-2.969	-0.850
-2.969	-0.875
-2.969	-0.898
-2.969	-0.891
-2.969	-0.888
-2.969	-0.889
-2.969	-0.884
-2.969	-0.904
-2.969	-0.894
-2.969	-0.921
-2.969	-0.922
-2.969	-0.895
-2.969	-0.909
-2.969	-0.923
-2.969	-0.928
-2.969	-0.924
-2.969	-0.940
-2.712	-0.942
-2.712	-0.958
-2.712	-0.953
-2.712	-0.947
-2.712	-0.949
-2.712	-0.952
-2.712	-0.954
-2.712	-0.956
-2.712	-0.961
-2.712	-0.965
-2.712	-0.966
-2.712	-0.967
-2.712	-0.981
-2.712	-0.981
-2.712	-0.952
-2.469	-0.960
-2.469	-1.030
-2.469	-0.869
-2.469	-0.985
-2.469	-0.841
-2.469	-0.894
-2.469	-0.911
-2.469	-0.893
-2.469	-0.906
-2.469	-0.922
-2.469	-0.913
-2.469	-0.914
-2.469	-0.921
-2.469	-0.924
-2.469	-0.900
-2.469	-0.904
-2.469	-0.894
-2.469	-0.892
-2.467	-0.903
-2.467	-0.916
-2.467	-0.921
-2.467	-0.902
-2.467	-0.885
-2.467	-0.879
-2.467	-0.897
-2.467	-0.955
-2.467	-0.799
-2.467	-0.842
-2.467	-0.863
-2.467	-0.861
-2.467	-0.837
-2.467	-0.781
-2.467	-0.920
-2.466	-0.812
-2.466	-0.966
-2.466	-0.912
-2.466	-0.930
-2.466	-0.924
-2.466	-0.912
-2.466	-0.915
-2.466	-0.915
-2.466	-0.899
-2.466	-0.914
-2.466	-0.918
-2.466	-0.927
-2.466	-0.923
-2.466	-0.930
-2.466	-0.935
-2.466	-0.927
-2.466	-0.927
-2.260	-0.921
-2.260	-0.948
-2.260	-0.961
-2.260	-0.963
-2.260	-0.935
-2.260	-0.893
-2.260	-1.059
-2.260	-1.007
-2.260	-0.996
-2.260	-1.006
-2.260	-1.031
-2.260	-1.049
-2.260	-1.024
-2.260	-1.040
-2.260	-1.054
-1.939	-1.045
-1.939	-1.023
-1.939	-1.052
-1.939	-1.064
-1.939	-1.066
-1.939	-1.078
-1.939	-1.074
-1.939	-1.070
-1.939	-1.073
-1.939	-1.070
-1.939	-1.075
-1.939	-1.089
-1.939	-1.081
-1.939	-1.090
-1.939	-1.147
-1.939	-0.982
-1.939	-1.013
-1.709	-1.035
-1.709	-1.033
-1.709	-1.054
-1.709	-1.059
-1.709	-1.050
-1.709	-1.038
-1.709	-1.058
-1.709	-1.047
-1.709	-1.021
-1.709	-1.019
-1.709	-1.050
-1.709	-1.036
-1.709	-1.026
-1.709	-1.037
-1.709	-1.054
-1.709	-1.026
-1.707	-1.026
-1.707	-1.026
-1.707	-1.033
-1.707	-1.039
-1.707	-1.044
-1.707	-1.029
-1.707	-1.037
-1.707	-1.031
-1.707	-1.020
-1.707	-1.028
-1.707	-0.993
-1.707	-1.025
-1.707	-1.021
-1.707	-1.006
-1.707	-1.028
-1.707	-1.036
-1.707	-1.028
-1.706	-1.030
-1.706	-1.049
-1.706	-1.044
-1.706	-1.031
-1.706	-1.039
-1.706	-1.047
-1.706	-1.043
-1.706	-1.040
-1.706	-1.039
-1.706	-1.049
-1.706	-1.032
-1.706	-1.047
-1.706	-1.058
-1.706	-1.050
-1.706	-1.062
-1.643	-1.035
-1.643	-1.058
-1.643	-1.052
-1.643	-1.065
-1.643	-1.074
-1.643	-1.075
-1.643	-1.074
-1.643	-1.063
-1.643	-1.052
-1.643	-0.996
-1.643	-1.180
-1.643	-1.119
-1.643	-1.107
-1.643	-1.130
-1.643	-1.138
-1.643	-1.128
-1.643	-1.119
-1.373	-1.141
-1.373	-1.133
-1.373	-1.134
-1.373	-1.137
-1.373	-1.150
-1.373	-1.155
-1.373	-1.150
-1.373	-1.142
-1.373	-1.159
-1.373	-1.148
-1.373	-1.147
-1.373	-1.166
-1.373	-1.163
-1.373	-1.178
-1.373	-1.151
-1.088	-1.163
-1.088	-1.177
-1.088	-1.164
-1.088	-1.165
-1.088	-1.169
-1.088	-1.174
-1.088	-1.175
-1.088	-1.174
-1.088	-1.173
-1.088	-1.173
-1.088	-1.181
-1.088	-1.172
-1.088	-1.175
-1.088	-1.188
-1.088	-1.173
-1.086	-1.172
-1.086	-1.196
-1.086	-1.182
-1.086	-1.179
-1.086	-1.181
-1.086	-1.178
-1.086	-1.177
-1.086	-1.177
-1.086	-1.169
-1.086	-1.172
-1.086	-1.175
-1.086	-1.153
-1.086	-1.167
-1.086	-1.174
-1.086	-1.175
-1.086	-1.173
-1.086	-1.171
-1.085	-1.170
-1.085	-1.173
-1.085	-1.168
-1.085	-1.172
-1.085	-1.167
-1.085	-1.250
-1.085	-1.054
-1.085	-1.101
-1.085	-1.121
-1.085	-1.128
-1.085	-1.134
-1.085	-1.136
-1.085	-1.148
-1.085	-1.125
-1.085	-1.122
-1.083	-1.139
-1.083	-1.132
-1.083	-1.130
-1.083	-1.128
-1.083	-1.135
-1.083	-1.136
-1.083	-1.137
-1.083	-1.141
-1.083	-1.146
-1.083	-1.152
-1.083	-1.144
-1.083	-1.155
-1.083	-1.154
-1.083	-1.157
-1.083	-1.157
-1.083	-1.169
-1.083	-1.159
-0.955	-1.173
-0.955	-1.151
-0.955	-1.135
-0.955	-1.092
-0.955	-1.286
-0.955	-1.203
-0.955	-1.223
-0.955	-1.206
-0.955	-1.221
-0.955	-1.219
-0.955	-1.213
-0.955	-1.230
-0.955	-1.237
-0.955	-1.226
-0.955	-1.230
-0.717	-1.310
-0.717	-1.109
-0.717	-1.158
-0.717	-1.188
-0.717	-1.198
-0.717	-1.219
-0.717	-1.211
-0.717	-1.221
-0.717	-1.218
-0.717	-1.216
-0.717	-1.212
-0.717	-1.207
-0.717	-1.298
-0.717	-1.087
-0.717	-1.145
-0.717	-1.162
-0.717	-1.183
-0.717	-1.184
-0.516	-1.169
-0.516	-1.177
-0.516	-1.193
-0.516	-1.188
-0.516	-1.194
-0.516	-1.187
-0.516	-1.202
-0.516	-1.198
-0.516	-1.188
-0.516	-1.175
-0.516	-1.172
-0.516	-1.161
-0.516	-1.101
-0.516	-1.316
-0.514	-1.236
-0.514	-1.235
-0.514	-1.235
-0.514	-1.219
-0.514	-1.229
-0.514	-1.228
-0.514	-1.229
-0.514	-1.226
-0.514	-1.226
-0.514	-1.191
-0.514	-1.127
-0.514	-1.349
-0.514	-1.268
-0.514	-1.257
-0.514	-1.255
-0.514	-1.271
-0.514	-1.271
-0.485	-1.251
-0.485	-1.256
-0.485	-1.267
-0.485	-1.266
-0.485	-1.245
-0.485	-1.247
-0.485	-1.259
-0.485	-1.258
-0.485	-1.262
-0.485	-1.258
-0.485	-1.253
-0.485	-1.256
-0.485	-1.243
-0.485	-1.258
-0.485	-1.264
-0.487	-1.262
-0.487	-1.345
-0.487	-1.132
-0.487	-1.183
-0.487	-1.208
-0.487	-1.227
-0.487	-1.209
-0.487	-1.238
-0.487	-1.250
-0.487	-1.233
-0.487	-1.232
-0.487	-1.239
-0.487	-1.243
-0.487	-1.229
-0.487	-1.225
-0.487	-1.252
-0.487	-1.242
-0.487	-1.234
-0.337	-1.237
-0.337	-1.258
-0.337	-1.247
-0.337	-1.250
-0.337	-1.254
-0.337	-1.275
-0.337	-1.273
-0.337	-1.267
-0.337	-1.271
-0.337	-1.271
-0.337	-1.272
-0.337	-1.262
-0.337	-1.247
-0.337	-1.194
-0.337	-1.405
-0.130	-1.328
-0.130	-1.329
-0.130	-1.327
-0.130	-1.352
-0.130	-1.333
-0.130	-1.337
-0.130	-1.340
-0.130	-1.349
-0.130	-1.331
-0.130	-1.335
-0.130	-1.334
-0.130	-1.351
-0.130	-1.349
-0.130	-1.345
-0.130	-1.355
0.064	-1.363
0.064	-1.345
0.064	-1.337
0.064	-1.348
0.064	-1.347
0.064	-1.336
0.064	-1.349
0.064	-1.360
0.064	-1.355
0.064	-1.357
0.064	-1.349
0.064	-1.345
0.064	-1.340
0.064	-1.354
0.064	-1.360
0.064	-1.350
0.064	-1.348
0.064	-1.346
0.064	-1.430
0.064	-1.211
0.064	-1.245
0.064	-1.286
0.064	-1.293
0.064	-1.315
0.064	-1.307
0.064	-1.325
0.064	-1.302
0.064	-1.290
0.064	-1.301
0.064	-1.283
0.064	-1.288
0.064	-1.297
0.064	-1.305
0.066	-1.306
0.066	-1.295
0.066	-1.285
0.066	-1.287
0.066	-1.277
0.066	-1.288
0.066	-1.297
0.066	-1.293
0.066	-1.303
0.066	-1.308
0.066	-1.291
0.066	-1.286
0.066	-1.281
0.066	-1.271
0.066	-1.348
0.066	-1.054
0.067	-1.341
0.067	-1.294
0.067	-1.298
0.067	-1.301
0.067	-1.302
0.067	-1.297
0.067	-1.290
0.067	-1.297
0.067	-1.311
0.067	-1.306
0.067	-1.314
0.067	-1.308
0.067	-1.307
0.067	-1.306
0.067	-1.307
0.146	-1.314
0.146	-1.324
0.146	-1.329
0.146	-1.339
0.146	-1.344
0.146	-1.328
0.146	-1.339
0.146	-1.329
0.146	-1.343
0.146	-1.342
0.146	-1.338
0.146	-1.346
0.146	-1.323
0.146	-1.247
0.146	-1.485
0.146	-1.395
0.146	-1.489
0.374	-1.244
0.374	-1.327
0.374	-1.345
0.374	-1.372
0.374	-1.375
0.374	-1.469
0.374	-1.224
0.374	-1.285
0.374	-1.312
0.374	-1.324
0.374	-1.330
0.374	-1.332
0.374	-1.325
0.374	-1.338
0.374	-1.329
0.374	-1.318
0.586	-1.316
0.586	-1.313
0.586	-1.319
0.586	-1.308
0.586	-1.324
0.586	-1.318
0.586	-1.325
0.586	-1.318
0.586	-1.319
0.586	-1.321
0.586	-1.309
0.586	-1.315
0.586	-1.292
0.586	-1.225
0.586	-1.469
0.586	-1.366
0.586	-1.360
0.552	-1.330
0.552	-1.313
0.552	-1.250
0.552	-1.485
0.552	-1.397
0.552	-1.406
0.552	-1.384
0.552	-1.394
0.552	-1.394
0.552	-1.391
0.552	-1.387
0.552	-1.392
0.552	-1.390
0.552	-1.385
0.552	-1.399
0.554	-1.398
0.554	-1.406
0.554	-1.399
0.554	-1.395
0.554	-1.397
0.554	-1.405
0.554	-1.397
0.554	-1.481
0.554	-1.357
0.554	-1.161
0.554	-1.345
0.554	-1.157
0.554	-1.223
0.554	-1.260
0.554	-1.276
0.554	-1.293
0.554	-1.280
0.554	-1.277
0.554	-1.274
0.552	-1.277
0.552	-1.253
0.552	-1.268
0.552	-1.276
0.552	-1.363
0.552	-1.134
0.552	-1.184
0.552	-1.204
0.552	-1.232
0.552	-1.241
0.552	-1.235
0.552	-1.259
0.552	-1.250
0.552	-1.256
0.552	-1.254
0.670	-1.252
0.670	-1.240
0.670	-1.201
0.670	-1.122
0.670	-1.274
0.670	-1.392
0.670	-1.242
0.670	-1.487
0.670	-1.402
0.670	-1.393
0.670	-1.399
0.670	-1.392
0.670	-1.399
0.670	-1.409
0.670	-1.408
0.670	-1.406
0.670	-1.420
0.868	-1.411
0.868	-1.361
0.868	-1.317
0.868	-1.536
0.868	-1.469
0.868	-1.470
0.868	-1.469
0.868	-1.477
0.868	-1.466
0.868	-1.470
0.868	-1.475
0.868	-1.465
0.868	-1.479
0.868	-1.466
0.868	-1.461
1.061	-1.470
1.061	-1.478
1.061	-1.485
1.061	-1.479
1.061	-1.481
1.061	-1.472
1.061	-1.467
1.061	-1.473
1.061	-1.487
1.061	-1.473
1.061	-1.481
1.061	-1.482
1.061	-1.473
1.061	-1.463
1.061	-1.463
1.061	-1.479
1.061	-1.479
1.103	-1.472
1.103	-1.482
1.103	-1.464
1.103	-1.464
1.103	-1.466
1.103	-1.455
1.103	-1.476
1.103	-1.465
1.103	-1.469
1.103	-1.473
1.103	-1.459
1.103	-1.471
1.103	-1.476
1.103	-1.457
1.103	-1.459
1.105	-1.456
1.105	-1.467
1.105	-1.457
1.105	-1.466
1.105	-1.460
1.105	-1.455
1.105	-1.431
1.105	-1.457
1.105	-1.454
1.105	-1.457
1.105	-1.455
1.105	-1.472
1.105	-1.550
1.105	-1.301
1.105	-1.360
1.105	-1.382
1.105	-1.394
1.062	-1.418
1.062	-1.424
1.062	-1.422
1.062	-1.425
1.062	-1.403
1.062	-1.401
1.062	-1.394
1.062	-1.400
1.062	-1.411
1.062	-1.407
1.062	-1.407
1.062	-1.426
1.062	-1.412
1.062	-1.418
1.062	-1.411
1.129	-1.413
1.129	-1.414
1.129	-1.430
1.129	-1.435
1.129	-1.453
1.129	-1.437
1.129	-1.434
1.129	-1.427
1.129	-1.428
1.129	-1.385
1.129	-1.342
1.129	-1.585
1.129	-1.489
1.129	-1.501
1.129	-1.507
1.129	-1.493
1.129	-1.485
1.302	-1.493
1.302	-1.493
1.302	-1.499
1.302	-1.507
1.302	-1.520
1.302	-1.518
1.302	-1.513
1.302	-1.510
1.302	-1.514
1.302	-1.506
1.302	-1.514
1.302	-1.515
1.302	-1.528
1.302	-1.528
1.302	-1.522
1.482	-1.515
1.482	-1.519
1.482	-1.521
1.482	-1.510
1.482	-1.514
1.482	-1.527
1.482	-1.535
1.482	-1.524
1.482	-1.523
1.482	-1.526
1.482	-1.527
1.482	-1.608
1.482	-1.358
1.482	-1.429
1.482	-1.472
1.567	-1.474
1.567	-1.487
1.567	-1.497
1.567	-1.486
1.567	-1.465
1.567	-1.470
1.567	-1.472
1.567	-1.481
1.567	-1.482
1.567	-1.477
1.567	-1.481
1.567	-1.471
1.567	-1.452
1.567	-1.460
1.567	-1.460
1.567	-1.468
1.567	-1.474
1.599	-1.476
1.599	-1.484
1.599	-1.472
1.599	-1.465
1.599	-1.458
1.599	-1.469
1.599	-1.461
1.599	-1.438
1.599	-1.422
1.599	-1.364
1.599	-1.612
1.599	-1.511
1.599	-1.494
1.599	-1.493
1.599	-1.502
1.598	-1.501
1.598	-1.511
1.598	-1.509
1.598	-1.490
1.598	-1.507
1.598	-1.498
1.598	-1.489
1.598	-1.501
1.598	-1.498
1.598	-1.510
1.598	-1.519
1.598	-1.522
1.598	-1.517
1.598	-1.506
1.598	-1.502
1.599	-1.502
1.599	-1.526
1.599	-1.527
1.599	-1.522
1.599	-1.531
1.599	-1.536
1.599	-1.522
1.599	-1.526
1.599	-1.543
1.599	-1.536
1.599	-1.541
1.599	-1.552
1.599	-1.564
1.599	-1.570
1.599	-1.550
1.599	-1.552
1.599	-1.559
1.839	-1.580
1.839	-1.695
1.839	-1.416
1.839	-1.496
1.839	-1.526
1.839	-1.536
1.839	-1.529
1.839	-1.524
1.839	-1.536
1.839	-1.530
1.839	-1.553
1.839	-1.562
1.839	-1.540
1.839	-1.542
1.839	-1.530
1.839	-1.537
1.839	-1.539
1.839	-1.547
2.049	-1.544
2.049	-1.553
2.049	-1.647
2.049	-1.377
2.049	-1.455
2.049	-1.472
2.049	-1.490
2.049	-1.600
2.049	-1.332
2.049	-1.430
2.049	-1.439
2.049	-1.440
2.049	-1.394
2.049	-1.320
2.049	-1.578
2.049	-1.472
2.049	-1.469
2.156	-1.488
2.156	-1.493
2.156	-1.491
2.156	-1.475
2.156	-1.475
2.156	-1.452
2.156	-1.457
2.156	-1.472
2.156	-1.482
2.156	-1.475
2.156	-1.478
2.156	-1.478
2.156	-1.458
2.156	-1.449
2.156	-1.424
2.156	-1.366
2.156	-1.619
2.155	-1.504
2.155	-1.609
2.155	-1.315
2.155	-1.309
2.155	-1.609
2.155	-1.499
2.155	-1.507
2.155	-1.505
2.155	-1.511
2.155	-1.510
2.155	-1.509
2.155	-1.512
2.155	-1.512
2.155	-1.487
2.155	-1.500
2.155	-1.496
2.127	-1.508
2.127	-1.520
2.127	-1.504
2.127	-1.513
2.127	-1.514
2.127	-1.496
2.127	-1.520
2.127	-1.528
2.127	-1.534
2.127	-1.530
2.127	-1.538
2.127	-1.539
2.127	-1.524
2.127	-1.507
2.127	-1.502
2.127	-1.433
2.127	-1.694
2.329	-1.592
2.329	-1.589
2.329	-1.610
2.329	-1.604
2.329	-1.597
2.329	-1.598
2.329	-1.616
2.329	-1.615
2.329	-1.611
2.329	-1.621
2.329	-1.633
2.329	-1.619
2.329	-1.628
2.329	-1.624
2.539	-1.607
2.539	-1.637
2.539	-1.613
2.539	-1.639
2.539	-1.642
2.539	-1.630
2.539	-1.634
2.539	-1.636
2.539	-1.635
2.539	-1.632
2.539	-1.633
2.539	-1.650
2.539	-1.653
2.539	-1.637
2.539	-1.632
2.539	-1.639
2.539	-1.638
2.713	-1.641
2.713	-1.646
2.713	-1.647
2.713	-1.648
2.713	-1.659
2.713	-1.629
2.713	-1.645
2.713	-1.649
2.713	-1.648
2.713	-1.634
2.713	-1.643
2.713	-1.641
2.713	-1.635
2.713	-1.643
2.713	-1.633
2.794	-1.657
2.794	-1.634
2.794	-1.650
2.794	-1.659
2.794	-1.637
2.794	-1.637
2.794	-1.647
2.794	-1.641
2.794	-1.627
2.794	-1.630
2.794	-1.633
2.794	-1.639
2.794	-1.641
2.794	-1.643
2.794	-1.640
2.794	-1.632
2.794	-1.623
2.795	-1.633
2.795	-1.630
2.795	-1.631
2.795	-1.647
2.795	-1.630
2.795	-1.627
2.795	-1.627
2.795	-1.647
2.795	-1.636
2.795	-1.630
2.795	-1.641
2.795	-1.644
2.795	-1.635
2.795	-1.628
2.795	-1.642
2.762	-1.635
2.762	-1.620
2.762	-1.626
2.762	-1.632
2.762	-1.641
2.762	-1.629
2.762	-1.655
2.762	-1.754
2.762	-1.483
2.762	-1.539
2.762	-1.569
2.762	-1.588
2.762	-1.612
2.762	-1.602
2.762	-1.603
2.762	-1.606
2.762	-1.618
2.762	-1.601
2.947	-1.601
2.947	-1.606
2.947	-1.625
2.947	-1.602
2.947	-1.601
2.947	-1.622
2.947	-1.609
2.947	-1.600
2.947	-1.606
2.947	-1.625
2.947	-1.622
2.947	-1.614
2.947	-1.616
2.947	-1.628
2.947	-1.643
3.114	-1.620
3.114	-1.627
3.114	-1.629
3.114	-1.580
3.114	-1.495
3.114	-1.774
3.114	-1.682
3.114	-1.667
3.114	-1.775
3.114	-1.495
3.114	-1.592
3.114	-1.617
3.114	-1.623
3.114	-1.604
3.114	-1.618
3.114	-1.617
3.114	-1.608
3.372	-1.602
3.372	-1.628
3.372	-1.611
3.372	-1.598
3.372	-1.716
3.372	-1.447
3.372	-1.506
3.372	-1.525
3.372	-1.539
3.372	-1.676
3.372	-1.398
3.372	-1.471
3.372	-1.495
3.372	-1.522
3.372	-1.500
3.372	-1.509
3.372	-1.505
3.371	-1.501
3.371	-1.501
3.371	-1.495
3.371	-1.470
3.371	-1.382
3.371	-1.663
3.371	-1.542
3.371	-1.537
3.371	-1.548
3.371	-1.567
3.371	-1.567
3.371	-1.567
3.371	-1.571
3.371	-1.564
3.371	-1.559
3.371	-1.541
3.371	-1.515
3.371	-1.445
3.336	-1.720
3.336	-1.628
3.336	-1.610
3.336	-1.579
3.336	-1.482
3.336	-1.765
3.336	-1.656
3.336	-1.665
3.336	-1.673
3.336	-1.683
3.336	-1.668
3.336	-1.679
3.336	-1.677
3.336	-1.666
3.336	-1.665
3.455	-1.671
3.455	-1.689
3.455	-1.677
3.455	-1.669
3.455	-1.684
3.455	-1.682
3.455	-1.682
3.455	-1.689
3.455	-1.692
3.455	-1.688
3.455	-1.691
3.455	-1.692
3.455	-1.707
3.455	-1.703
3.455	-1.692
3.455	-1.691
3.648	-1.686
3.648	-1.692
3.648	-1.685
3.648	-1.692
3.648	-1.703
3.648	-1.704
3.648	-1.698
3.648	-1.700
3.648	-1.695
3.648	-1.702
3.648	-1.690
3.648	-1.708
3.648	-1.701
3.648	-1.803
3.648	-1.630
3.648	-1.408
3.648	-1.541
3.648	-1.593
3.801	-1.613
3.801	-1.614
3.801	-1.602
3.801	-1.588
3.801	-1.591
3.801	-1.595
3.801	-1.584
3.801	-1.584
3.801	-1.580
3.801	-1.574
3.801	-1.574
3.801	-1.574
3.801	-1.572
3.801	-1.572
3.801	-1.585
3.801	-1.593
3.876	-1.581
3.876	-1.592
3.876	-1.597
3.876	-1.583
3.876	-1.595
3.876	-1.577
3.876	-1.594
3.876	-1.576
3.876	-1.518
3.876	-1.418
3.876	-1.627
3.876	-1.804
3.876	-1.680
3.876	-1.680
3.876	-1.673
3.928	-1.681
3.928	-1.687
3.928	-1.695
3.928	-1.685
3.928	-1.682
3.928	-1.683
3.928	-1.678
3.928	-1.680
3.928	-1.797
3.928	-1.515
3.928	-1.589
3.928	-1.626
3.928	-1.642
3.928	-1.627
3.928	-1.632
3.928	-1.644
3.928	-1.639
3.928	-1.639
3.896	-1.639
3.896	-1.644
3.896	-1.647
3.896	-1.637
3.896	-1.626
3.896	-1.635
3.896	-1.632
3.896	-1.642
3.896	-1.642
3.896	-1.656
3.896	-1.661
3.896	-1.648
3.896	-1.745
3.896	-1.465
3.896	-1.540
4.012	-1.578
4.012	-1.600
4.012	-1.599
4.012	-1.603
4.012	-1.548
4.012	-1.473
4.012	-1.757
4.012	-1.637
4.012	-1.643
4.012	-1.645
4.012	-1.659
4.012	-1.658
4.012	-1.656
4.012	-1.648
4.012	-1.656
4.012	-1.650
4.012	-1.646
4.192	-1.770
4.192	-1.476
4.192	-1.562
4.192	-1.603
4.192	-1.608
4.192	-1.615
4.192	-1.618
4.192	-1.592
4.192	-1.582
4.192	-1.568
4.192	-1.502
4.192	-1.767
4.192	-1.655
4.192	-1.658
4.192	-1.656
4.337	-1.645
4.337	-1.641
4.337	-1.671
4.337	-1.674
4.337	-1.670
4.337	-1.670
4.337	-1.670
4.337	-1.667
4.337	-1.659
4.337	-1.656
4.337	-1.666
4.337	-1.672
4.337	-1.660
4.337	-1.653
4.337	-1.609
4.337	-1.534
4.337	-1.807
4.471	-1.706
4.471	-1.709
4.471	-1.832
4.471	-1.645
4.471	-1.433
4.471	-1.555
4.471	-1.598
4.471	-1.598
4.471	-1.602
4.471	-1.608
4.471	-1.613
4.471	-1.623
4.471	-1.608
4.471	-1.632
4.471	-1.610
4.471	-1.592
4.469	-1.586
4.469	-1.593
4.469	-1.598
4.469	-1.596
4.469	-1.597
4.469	-1.609
4.469	-1.604
4.469	-1.597
4.469	-1.595
4.469	-1.605
4.469	-1.619
4.469	-1.623
4.469	-1.617
4.469	-1.618
4.469	-1.591
4.469	-1.541
4.469	-1.420
4.440	-1.652
4.440	-1.935
4.440	-1.527
4.440	-1.605
4.440	-1.645
4.440	-1.664
4.440	-1.670
4.440	-1.779
4.440	-1.477
4.440	-1.569
4.440	-1.589
4.440	-1.620
4.440	-1.611
4.440	-1.615
4.440	-1.613
4.440	-1.603
4.634	-1.592
4.634	-1.598
4.634	-1.601
4.634	-1.601
4.634	-1.610
4.634	-1.607
4.634	-1.610
4.634	-1.604
4.634	-1.603
4.634	-1.607
4.634	-1.617
4.634	-1.609
4.634	-1.617
4.634	-1.611
4.634	-1.562
4.634	-1.492
4.634	-1.781
4.771	-1.675
4.771	-1.671
4.771	-1.651
4.771	-1.620
4.771	-1.538
4.771	-1.824
4.771	-1.707
4.771	-1.696
4.771	-1.698
4.771	-1.713
4.771	-1.711
4.771	-1.715
4.771	-1.716
4.771	-1.727
4.771	-1.717
4.916	-1.705
4.916	-1.714
4.916	-1.711
4.916	-1.718
4.916	-1.706
4.916	-1.711
4.916	-1.710
4.916	-1.717
4.916	-1.711
4.916	-1.713
4.916	-1.706
4.916	-1.707
4.916	-1.712
4.916	-1.815
4.916	-1.531
4.916	-1.600
4.916	-1.631
4.916	-1.645
5.008	-1.651
5.008	-1.651
5.008	-1.654
5.008	-1.636
5.008	-1.646
5.008	-1.634
5.008	-1.750
5.008	-1.463
5.008	-1.521
5.008	-1.565
5.008	-1.561
5.008	-1.575
5.008	-1.581
5.008	-1.570
5.008	-1.575
5.006	-1.571
5.006	-1.568
5.006	-1.568
5.006	-1.563
5.006	-1.561
5.006	-1.566
5.006	-1.572
5.006	-1.570
5.006	-1.551
5.006	-1.516
5.006	-1.448
5.006	-1.738
5.006	-1.617
5.006	-1.637
5.006	-1.631
5.006	-1.629
5.006	-1.642
5.039	-1.625
5.039	-1.638
5.039	-1.617
5.039	-1.593
5.039	-1.517
5.039	-1.794
5.039	-1.690
5.039	-1.678
5.039	-1.694
5.039	-1.685
5.039	-1.686
5.039	-1.696
5.039	-1.687
5.039	-1.682
5.039	-1.694
5.040	-1.690
5.040	-1.698
5.040	-1.696
5.040	-1.702
5.040	-1.798
5.040	-1.516
5.040	-1.593
5.040	-1.624
5.040	-1.648
5.040	-1.639
5.040	-1.651
5.040	-1.631
5.040	-1.646
5.040	-1.636
5.040	-1.637
5.040	-1.649
5.144	-1.631
5.144	-1.758
5.144	-1.465
5.144	-1.546
5.144	-1.584
5.144	-1.585
5.144	-1.595
5.144	-1.598
5.144	-1.607
5.144	-1.595
5.144	-1.584
5.144	-1.602
5.144	-1.618
5.144	-1.609
5.144	-1.598
5.144	-1.597
5.144	-1.579
5.258	-1.543
5.258	-1.477
5.258	-1.753
5.258	-1.651
5.258	-1.646
5.258	-1.648
5.258	-1.652
5.258	-1.661
5.258	-1.667
5.258	-1.658
5.258	-1.659
5.258	-1.650
5.258	-1.630
5.258	-1.606
5.258	-1.521
5.388	-1.808
5.388	-1.679
5.388	-1.692
5.388	-1.701
5.388	-1.694
5.388	-1.697
5.388	-1.691
5.388	-1.697
5.388	-1.700
5.388	-1.687
5.388	-1.682
5.388	-1.678
5.388	-1.685
5.388	-1.683
5.388	-1.681
5.470	-1.681
5.470	-1.678
5.470	-1.677
5.470	-1.677
5.470	-1.698
5.470	-1.686
5.470	-1.686
5.470	-1.670
5.470	-1.679
5.470	-1.679
5.470	-1.685
5.470	-1.674
5.470	-1.687
5.470	-1.681
5.470	-1.678
5.470	-1.681
5.470	-1.670
5.539	-1.675
5.539	-1.690
5.539	-1.674
5.539	-1.677
5.539	-1.679
5.539	-1.672
5.539	-1.668
5.539	-1.671
5.539	-1.669
5.539	-1.681
5.539	-1.786
5.539	-1.611
5.539	-1.409
5.539	-1.517
5.539	-1.560
5.541	-1.573
5.541	-1.570
5.541	-1.571
5.541	-1.691
5.541	-1.411
5.541	-1.487
5.541	-1.503
5.541	-1.507
5.541	-1.502
5.541	-1.502
5.541	-1.500
5.541	-1.503
5.541	-1.502
5.541	-1.506
5.541	-1.521
5.541	-1.504
5.541	-1.498
5.541	-1.512
5.541	-1.514
5.541	-1.501
5.541	-1.524
5.541	-1.524
5.541	-1.517
5.541	-1.497
5.541	-1.447
5.541	-1.352
5.541	-1.558
5.541	-1.719
5.541	-1.609
5.541	-1.625
5.541	-1.623
5.541	-1.607
5.541	-1.572
5.541	-1.494
5.541	-1.771
5.695	-1.663
5.695	-1.660
5.695	-1.668
5.695	-1.674
5.695	-1.683
5.695	-1.674
5.695	-1.672
5.695	-1.668
5.695	-1.667
5.695	-1.667
5.695	-1.668
5.695	-1.677
5.695	-1.678
5.695	-1.661
5.769	-1.685
5.769	-1.672
5.769	-1.671
5.769	-1.663
5.769	-1.667
5.769	-1.669
5.769	-1.663
5.769	-1.655
5.769	-1.674
5.769	-1.673
5.769	-1.653
5.769	-1.665
5.769	-1.663
5.769	-1.660
5.769	-1.659
5.769	-1.759
5.769	-1.485
5.769	-1.562
5.817	-1.587
5.817	-1.597
5.817	-1.593
5.817	-1.598
5.817	-1.602
5.817	-1.605
5.817	-1.588
5.817	-1.595
5.817	-1.595
5.817	-1.578
5.817	-1.581
5.817	-1.584
5.817	-1.562
5.817	-1.564
5.817	-1.576
5.705	-1.571
5.705	-1.565
5.705	-1.577
5.705	-1.579
5.705	-1.572
5.705	-1.566
5.705	-1.567
5.705	-1.567
5.705	-1.551
