-1.756	0.004
-8.879	-0.003
-8.879	-0.008
-8.879	-0.003
-8.879	-0.004
-8.879	-0.015
-8.879	-0.006
-8.879	-0.013
-8.879	-0.005
-8.879	-0.001
-8.879	-0.011
-8.879	-0.012
-8.881	-0.016
-8.881	-0.009
-8.881	-0.012
-8.881	-0.013
-8.881	-0.011
-8.881	-0.024
-8.881	-0.019
-8.881	-0.025
-8.881	-0.023
-8.881	-0.026
-8.881	-0.029
-8.881	-0.021
-8.881	-0.025
-8.881	-0.033
-8.881	-0.026
-8.882	-0.029
-8.882	-0.020
-8.882	-0.032
-8.882	-0.034
-8.882	-0.038
-8.882	-0.032
-8.882	-0.035
-8.882	-0.037
-8.882	-0.022
-8.882	-0.026
-8.882	-0.023
-8.882	-0.037
-8.882	-0.042
-8.882	-0.027
-8.882	-0.031
-8.884	-0.030
-8.884	-0.044
-8.884	-0.040
-8.884	-0.042
-8.884	-0.023
-8.884	-0.018
-8.884	-0.028
-8.884	-0.025
-8.884	-0.020
-8.884	-0.025
-8.884	-0.019
-8.884	-0.030
-8.884	-0.010
-8.884	-0.012
-8.884	-0.019
-8.884	-0.013
-8.884	-0.041
-8.884	-0.033
-8.884	-0.031
-8.884	-0.009
-8.884	-0.005
-8.884	-0.008
-8.884	-0.011
-8.884	-0.015
-8.884	-0.026
-8.884	-0.036
-8.884	-0.023
-8.884	-0.009
-8.884	-0.013
-8.884	-0.009
-8.884	-0.007
-8.884	0.003
-8.884	-0.009
-8.884	-0.033
-8.818	-0.050
-8.818	-0.020
-8.818	-0.013
-8.818	-0.020
-8.818	-0.019
-8.818	-0.009
-8.818	-0.022
-8.818	-0.039
-8.818	-0.045
-8.818	-0.024
-8.818	-0.023
-8.818	-0.033
-8.818	-0.014
-8.818	-0.010
-8.818	-0.021
-8.884	-0.032
-8.884	-0.045
-8.884	-0.029
-8.884	-0.027
-8.884	-0.044
-8.884	-0.023
-8.884	-0.019
-8.884	-0.021
-8.884	-0.041
-8.884	-0.030
-8.884	-0.040
-8.884	-0.040
-8.884	-0.047
-8.884	-0.026
-8.884	-0.000
-8.884	-0.011
-8.833	-0.038
-8.833	-0.039
-8.833	-0.020
-8.833	-0.034
-8.833	-0.047
-8.833	-0.027
-8.833	-0.009
-8.833	-0.021
-8.833	-0.027
-8.833	-0.032
-8.833	-0.027
-8.833	-0.029
-8.833	-0.042
-8.833	-0.021
-8.833	-0.018
-8.833	-0.024
-8.833	-0.036
-8.832	-0.040
-8.832	-0.019
-8.832	-0.028
-8.832	-0.025
-8.832	-0.030
-8.832	-0.018
-8.832	-0.038
-8.832	-0.029
-8.832	-0.026
-8.832	-0.034
-8.832	-0.043
-8.832	-0.046
-8.832	-0.035
-8.832	-0.029
-8.832	-0.034
-8.832	-0.045
-8.832	-0.037
-8.830	-0.019
-8.830	-0.037
-8.830	-0.037
-8.830	-0.028
-8.830	-0.032
-8.830	-0.036
-8.830	-0.032
-8.830	-0.033
-8.830	-0.028
-8.830	-0.038
-8.830	-0.038
-8.830	-0.026
-8.830	-0.023
-8.830	-0.025
-8.830	-0.036
-8.803	-0.032
-8.803	-0.030
-8.803	-0.029
-8.803	-0.042
-8.803	-0.021
-8.803	-0.029
-8.803	-0.035
-8.803	-0.037
-8.803	-0.029
-8.803	-0.025
-8.803	-0.027
-8.803	-0.018
-8.803	-0.026
-8.803	-0.032
-8.803	-0.036
-8.803	-0.032
-8.803	-0.028
-8.803	-0.031
-8.692	-0.028
-8.692	-0.031
-8.692	-0.035
-8.692	-0.032
-8.692	-0.034
-8.692	-0.025
-8.692	-0.038
-8.692	-0.038
-8.692	-0.037
-8.692	-0.042
-8.692	-0.034
-8.692	-0.041
-8.692	-0.043
-8.692	-0.038
-8.692	-0.049
-8.692	-0.031
-8.566	-0.045
-8.566	-0.039
-8.566	-0.037
-8.566	-0.017
-8.566	-0.039
-8.566	-0.036
-8.566	-0.039
-8.566	-0.038
-8.566	-0.039
-8.566	-0.028
-8.566	-0.024
-8.566	-0.028
-8.566	-0.026
-8.566	-0.023
-8.566	-0.035
-8.566	-0.027
-8.566	-0.022
-8.508	-0.028
-8.508	-0.028
-8.508	-0.038
-8.508	-0.020
-8.508	-0.030
-8.508	-0.043
-8.508	-0.034
-8.508	-0.037
-8.508	-0.030
-8.508	-0.029
-8.508	-0.034
-8.508	-0.024
-8.508	-0.026
-8.508	-0.026
-8.508	-0.030
-8.371	-0.032
-8.371	-0.047
-8.371	-0.040
-8.371	-0.041
-8.371	-0.033
-8.371	-0.041
-8.371	-0.033
-8.371	-0.038
-8.371	-0.038
-8.371	-0.042
-8.371	-0.041
-8.371	-0.041
-8.371	-0.041
-8.371	-0.045
-8.371	-0.049
-8.371	-0.046
-8.371	-0.047
-8.234	-0.038
-8.234	-0.055
-8.234	-0.045
-8.234	-0.035
-8.234	-0.038
-8.234	-0.037
-8.234	-0.045
-8.234	-0.028
-8.234	-0.029
-8.234	-0.039
-8.234	-0.051
-8.234	-0.049
-8.234	-0.050
-8.234	-0.054
-8.234	-0.042
-7.953	-0.032
-7.953	-0.034
-7.953	-0.045
-7.953	-0.031
-7.953	-0.047
-7.953	-0.045
-7.953	-0.054
-7.953	-0.056
-7.953	-0.052
-7.953	-0.050
-7.953	-0.052
-7.953	-0.043
-7.953	-0.054
-7.953	-0.064
-7.953	-0.060
-7.955	-0.065
-7.955	-0.050
-7.955	-0.051
-7.955	-0.053
-7.955	-0.046
-7.955	-0.056
-7.955	-0.058
-7.955	-0.078
-7.955	-0.072
-7.955	-0.066
-7.955	-0.064
-7.955	-0.057
-7.955	-0.056
-7.955	-0.046
-7.955	-0.046
-7.955	-0.051
-7.955	-0.064
-7.955	-0.072
-7.955	-0.075
-7.955	-0.054
-7.955	-0.052
-7.955	-0.041
-7.955	-0.044
-7.955	-0.046
-7.955	-0.054
-7.955	-0.059
-7.955	-0.070
-7.955	-0.056
-7.955	-0.047
-7.955	-0.052
-7.955	-0.051
-7.955	-0.044
-7.955	-0.048
-7.956	-0.061
-7.956	-0.068
-7.956	-0.047
-7.956	-0.049
-7.956	-0.047
-7.956	-0.051
-7.956	-0.049
-7.956	-0.046
-7.956	-0.060
-7.956	-0.046
-7.956	-0.058
-7.956	-0.060
-7.956	-0.062
-7.956	-0.045
-7.901	-0.043
-7.901	-0.043
-7.901	-0.055
-7.901	-0.058
-7.901	-0.069
-7.901	-0.066
-7.901	-0.071
-7.901	-0.074
-7.901	-0.066
-7.901	-0.069
-7.901	-0.065
-7.901	-0.074
-7.901	-0.068
-7.901	-0.079
-7.901	-0.087
-7.901	-0.089
-7.901	-0.085
-7.724	-0.095
-7.724	-0.102
-7.724	-0.107
-7.724	-0.115
-7.724	-0.112
-7.724	-0.119
-7.724	-0.123
-7.724	-0.107
-7.724	-0.120
-7.724	-0.127
-7.724	-0.139
-7.724	-0.129
-7.724	-0.142
-7.724	-0.141
-7.724	-0.155
-7.559	-0.154
-7.559	-0.163
-7.559	-0.158
-7.559	-0.170
-7.559	-0.166
-7.559	-0.169
-7.559	-0.181
-7.559	-0.177
-7.559	-0.183
-7.559	-0.191
-7.559	-0.185
-7.559	-0.189
-7.559	-0.195
-7.559	-0.188
-7.559	-0.192
-7.559	-0.194
-7.559	-0.200
-7.399	-0.203
-7.399	-0.201
-7.399	-0.209
-7.399	-0.206
-7.399	-0.203
-7.399	-0.217
-7.399	-0.226
-7.399	-0.213
-7.399	-0.212
-7.399	-0.231
-7.399	-0.228
-7.399	-0.242
-7.399	-0.229
-7.399	-0.231
-7.399	-0.255
-7.306	-0.246
-7.306	-0.249
-7.306	-0.247
-7.306	-0.242
-7.306	-0.243
-7.306	-0.246
-7.306	-0.255
-7.306	-0.247
-7.306	-0.258
-7.306	-0.255
-7.306	-0.257
-7.306	-0.279
-7.306	-0.281
-7.306	-0.268
-7.306	-0.271
-7.306	-0.276
-7.306	-0.273
-7.166	-0.282
-7.166	-0.276
-7.166	-0.290
-7.166	-0.247
-7.166	-0.255
-7.166	-0.275
-7.166	-0.268
-7.166	-0.271
-7.166	-0.274
-7.166	-0.264
-7.166	-0.283
-7.166	-0.285
-7.166	-0.264
-7.166	-0.271
-7.166	-0.270
-7.166	-0.270
-7.111	-0.283
-7.111	-0.268
-7.111	-0.282
-7.111	-0.295
-7.111	-0.252
-7.111	-0.264
-7.111	-0.270
-7.111	-0.273
-7.111	-0.252
-7.111	-0.265
-7.111	-0.299
-7.111	-0.244
-7.111	-0.264
-7.111	-0.255
-7.111	-0.240
-7.111	-0.239
-7.111	-0.242
-7.109	-0.287
-7.109	-0.263
-7.109	-0.265
-7.109	-0.275
-7.109	-0.271
-7.109	-0.271
-7.109	-0.262
-7.109	-0.269
-7.109	-0.254
-7.109	-0.268
-7.109	-0.274
-7.109	-0.270
-7.109	-0.284
-7.109	-0.264
-7.109	-0.266
-7.109	-0.258
-7.109	-0.240
-7.109	-0.294
-7.109	-0.281
-7.109	-0.278
-7.109	-0.280
-7.109	-0.281
-7.109	-0.256
-7.109	-0.244
-7.109	-0.291
-7.109	-0.263
-7.109	-0.272
-7.109	-0.285
-7.109	-0.287
-7.109	-0.277
-7.163	-0.271
-7.163	-0.270
-7.163	-0.275
-7.163	-0.276
-7.163	-0.272
-7.163	-0.281
-7.163	-0.293
-7.163	-0.287
-7.163	-0.292
-7.163	-0.274
-7.163	-0.274
-7.163	-0.274
-7.163	-0.272
-7.163	-0.279
-7.163	-0.287
-7.163	-0.280
-7.163	-0.300
-7.073	-0.289
-7.073	-0.285
-7.073	-0.300
-7.073	-0.297
-7.073	-0.290
-7.073	-0.301
-7.073	-0.309
-7.073	-0.310
-7.073	-0.308
-7.073	-0.312
-7.073	-0.303
-7.073	-0.310
-7.073	-0.311
-7.073	-0.325
-7.073	-0.336
-6.935	-0.342
-6.935	-0.349
-6.935	-0.349
-6.935	-0.337
-6.935	-0.328
-6.935	-0.337
-6.935	-0.341
-6.935	-0.350
-6.935	-0.358
-6.935	-0.362
-6.935	-0.357
-6.935	-0.377
-6.935	-0.365
-6.935	-0.376
-6.935	-0.393
-6.935	-0.332
-6.935	-0.359
-6.798	-0.352
-6.798	-0.365
-6.798	-0.377
-6.798	-0.381
-6.798	-0.387
-6.798	-0.381
-6.798	-0.387
-6.798	-0.393
-6.798	-0.394
-6.798	-0.404
-6.798	-0.423
-6.798	-0.414
-6.798	-0.401
-6.798	-0.404
-6.798	-0.398
-6.587	-0.402
-6.587	-0.414
-6.587	-0.435
-6.587	-0.428
-6.587	-0.425
-6.587	-0.467
-6.587	-0.380
-6.587	-0.406
-6.587	-0.421
-6.587	-0.416
-6.587	-0.421
-6.587	-0.421
-6.587	-0.417
-6.587	-0.494
-6.587	-0.463
-6.587	-0.473
-6.587	-0.460
-6.468	-0.447
-6.468	-0.452
-6.468	-0.448
-6.468	-0.472
-6.468	-0.470
-6.468	-0.471
-6.468	-0.480
-6.468	-0.466
-6.468	-0.451
-6.468	-0.463
-6.468	-0.474
-6.468	-0.463
-6.468	-0.482
-6.468	-0.487
-6.468	-0.480
-6.468	-0.460
-6.320	-0.467
-6.320	-0.457
-6.320	-0.423
-6.320	-0.509
-6.320	-0.487
-6.320	-0.497
-6.320	-0.487
-6.320	-0.499
-6.320	-0.490
-6.320	-0.469
-6.320	-0.470
-6.320	-0.465
-6.320	-0.459
-6.320	-0.487
-6.320	-0.496
-6.320	-0.484
-6.320	-0.480
-6.322	-0.470
-6.322	-0.457
-6.322	-0.463
-6.322	-0.462
-6.322	-0.478
-6.322	-0.488
-6.322	-0.483
-6.322	-0.484
-6.322	-0.480
-6.322	-0.466
-6.322	-0.478
-6.322	-0.481
-6.322	-0.484
-6.322	-0.479
-6.322	-0.487
-6.390	-0.493
-6.390	-0.498
-6.390	-0.492
-6.390	-0.479
-6.390	-0.499
-6.390	-0.488
-6.390	-0.485
-6.390	-0.515
-6.390	-0.495
-6.390	-0.505
-6.390	-0.509
-6.390	-0.484
-6.390	-0.507
-6.390	-0.500
-6.390	-0.504
-6.223	-0.515
-6.223	-0.537
-6.223	-0.521
-6.223	-0.512
-6.223	-0.521
-6.223	-0.526
-6.223	-0.526
-6.223	-0.520
-6.223	-0.525
-6.223	-0.543
-6.223	-0.534
-6.223	-0.542
-6.223	-0.529
-6.223	-0.536
-6.223	-0.551
-6.098	-0.554
-6.098	-0.544
-6.098	-0.542
-6.098	-0.556
-6.098	-0.556
-6.098	-0.568
-6.098	-0.562
-6.098	-0.561
-6.098	-0.571
-6.098	-0.577
-6.098	-0.581
-6.098	-0.583
-6.098	-0.571
-6.098	-0.633
-6.098	-0.527
-6.098	-0.557
-6.098	-0.565
-6.098	-0.585
-5.904	-0.598
-5.904	-0.581
-5.904	-0.575
-5.904	-0.593
-5.904	-0.602
-5.904	-0.615
-5.904	-0.609
-5.904	-0.607
-5.904	-0.602
-5.904	-0.662
-5.904	-0.551
-5.904	-0.570
-5.904	-0.629
-5.904	-0.537
-5.904	-0.573
-5.904	-0.581
-5.693	-0.594
-5.693	-0.598
-5.693	-0.614
-5.693	-0.602
-5.693	-0.612
-5.693	-0.598
-5.693	-0.593
-5.693	-0.605
-5.693	-0.591
-5.693	-0.559
-5.693	-0.676
-5.693	-0.619
-5.693	-0.630
-5.693	-0.632
-5.693	-0.630
-5.693	-0.635
-5.693	-0.695
-5.537	-0.581
-5.537	-0.602
-5.537	-0.613
-5.537	-0.614
-5.537	-0.621
-5.537	-0.603
-5.537	-0.579
-5.537	-0.686
-5.537	-0.631
-5.537	-0.594
-5.537	-0.710
-5.537	-0.675
-5.537	-0.664
-5.537	-0.656
-5.539	-0.666
-5.539	-0.661
-5.539	-0.665
-5.539	-0.665
-5.539	-0.659
-5.539	-0.669
-5.539	-0.662
-5.539	-0.659
-5.539	-0.665
-5.539	-0.661
-5.539	-0.679
-5.539	-0.662
-5.539	-0.666
-5.539	-0.651
-5.539	-0.645
-5.539	-0.609
-5.539	-0.725
-5.537	-0.687
-5.537	-0.672
-5.537	-0.675
-5.537	-0.683
-5.537	-0.687
-5.537	-0.672
-5.537	-0.669
-5.537	-0.675
-5.537	-0.677
-5.537	-0.714
-5.537	-0.601
-5.537	-0.640
-5.537	-0.656
-5.537	-0.655
-5.537	-0.656
-5.537	-0.656
-5.539	-0.654
-5.539	-0.665
-5.539	-0.651
-5.539	-0.663
-5.539	-0.671
-5.539	-0.658
-5.539	-0.663
-5.539	-0.655
-5.539	-0.664
-5.539	-0.668
-5.539	-0.667
-5.539	-0.682
-5.539	-0.674
-5.539	-0.674
-5.539	-0.678
-5.539	-0.693
-5.539	-0.685
-5.463	-0.678
-5.463	-0.695
-5.463	-0.710
-5.463	-0.700
-5.463	-0.697
-5.463	-0.680
-5.463	-0.656
-5.463	-0.777
-5.463	-0.737
-5.463	-0.748
-5.463	-0.753
-5.463	-0.751
-5.463	-0.749
-5.463	-0.746
-5.463	-0.747
-5.284	-0.760
-5.284	-0.763
-5.284	-0.773
-5.284	-0.788
-5.284	-0.785
-5.284	-0.775
-5.284	-0.782
-5.284	-0.783
-5.284	-0.792
-5.284	-0.779
-5.284	-0.810
-5.284	-0.809
-5.284	-0.806
-5.284	-0.809
-5.284	-0.822
-5.138	-0.822
-5.138	-0.812
-5.138	-0.805
-5.138	-0.826
-5.138	-0.827
-5.138	-0.838
-5.138	-0.839
-5.138	-0.837
-5.138	-0.844
-5.138	-0.835
-5.138	-0.835
-5.138	-0.843
-5.138	-0.853
-5.138	-0.862
-5.138	-0.876
-5.138	-0.870
-5.138	-0.867
-4.900	-0.867
-4.900	-0.856
-4.900	-0.863
-4.900	-0.895
-4.900	-0.886
-4.900	-0.888
-4.900	-0.892
-4.900	-0.890
-4.900	-0.871
-4.900	-0.881
-4.900	-0.890
-4.900	-0.895
-4.900	-0.898
-4.900	-0.885
-4.900	-0.891
-4.736	-0.902
-4.736	-0.897
-4.736	-0.886
-4.736	-0.888
-4.736	-0.906
-4.736	-0.904
-4.736	-0.905
-4.736	-0.906
-4.736	-0.900
-4.736	-0.903
-4.736	-0.893
-4.736	-0.899
-4.736	-0.897
-4.736	-0.901
-4.736	-0.897
-4.736	-0.883
-4.736	-0.907
-4.781	-0.892
-4.781	-0.868
-4.781	-0.881
-4.781	-0.882
-4.781	-0.889
-4.781	-0.879
-4.781	-0.888
-4.781	-0.888
-4.781	-0.878
-4.781	-0.873
-4.781	-0.875
-4.781	-0.892
-4.781	-0.885
-4.781	-0.880
-4.779	-0.882
-4.779	-0.893
-4.779	-0.874
-4.779	-0.934
-4.779	-0.791
-4.779	-0.823
-4.779	-0.838
-4.779	-0.861
-4.779	-0.856
-4.779	-0.871
-4.779	-0.853
-4.779	-0.851
-4.779	-0.855
-4.779	-0.847
-4.779	-0.857
-4.779	-0.851
-4.779	-0.861
-4.778	-0.877
-4.778	-0.866
-4.778	-0.858
-4.778	-0.861
-4.778	-0.869
-4.778	-0.868
-4.778	-0.877
-4.778	-0.890
-4.778	-0.885
-4.778	-0.885
-4.778	-0.891
-4.778	-0.894
-4.778	-0.886
-4.778	-0.886
-4.778	-0.883
-4.778	-0.893
-4.683	-0.847
-4.683	-0.985
-4.683	-0.934
-4.683	-0.943
-4.683	-0.951
-4.683	-0.944
-4.683	-0.936
-4.683	-0.960
-4.683	-0.960
-4.683	-0.945
-4.683	-0.980
-4.683	-0.961
-4.683	-0.966
-4.683	-0.968
-4.683	-0.959
-4.683	-0.979
-4.683	-0.986
-4.517	-0.986
-4.517	-0.992
-4.517	-0.979
-4.517	-0.979
-4.517	-0.968
-4.517	-0.986
-4.517	-0.986
-4.517	-0.986
-4.517	-0.986
-4.517	-0.998
-4.517	-0.996
-4.517	-1.000
-4.517	-0.980
-4.517	-0.984
-4.411	-1.016
-4.411	-1.006
-4.411	-0.994
-4.411	-0.992
-4.411	-1.009
-4.411	-1.019
-4.411	-1.061
-4.411	-0.896
-4.411	-0.957
-4.411	-1.033
-4.411	-0.886
-4.411	-0.924
-4.411	-0.955
-4.411	-0.961
-4.411	-0.959
-4.411	-1.034
-4.411	-0.847
-4.411	-0.893
-4.411	-1.011
-4.244	-0.836
-4.244	-0.893
-4.244	-0.898
-4.244	-0.919
-4.244	-0.923
-4.244	-0.915
-4.244	-0.918
-4.244	-0.932
-4.244	-0.948
-4.244	-0.950
-4.244	-0.940
-4.244	-0.931
-4.244	-0.952
-4.244	-0.955
-4.244	-0.965
-4.244	-0.952
-4.073	-0.936
-4.073	-0.910
-4.073	-1.062
-4.073	-0.976
-4.073	-0.931
-4.073	-1.117
-4.073	-1.053
-4.073	-1.056
-4.073	-1.051
-4.073	-1.032
-4.073	-0.981
-4.073	-1.152
-4.073	-1.135
-4.073	-0.885
-4.073	-1.126
-4.073	-1.081
-4.073	-1.103
-3.896	-1.106
-3.896	-1.105
-3.896	-1.114
-3.896	-1.109
-3.896	-1.096
-3.896	-1.084
-3.896	-1.098
-3.896	-1.108
-3.896	-1.115
-3.896	-1.103
-3.896	-1.107
-3.896	-1.095
-3.896	-1.092
-3.896	-1.080
-3.896	-1.089
-3.896	-1.122
-3.896	-1.111
-3.896	-1.109
-3.896	-1.102
-3.896	-1.103
-3.896	-1.108
-3.896	-1.103
-3.896	-1.092
-3.896	-1.089
-3.896	-1.081
-3.896	-1.034
-3.896	-1.214
-3.896	-1.134
-3.896	-1.129
-3.896	-1.119
-3.896	-1.134
-3.896	-1.140
-3.894	-1.132
-3.894	-1.201
-3.894	-1.023
-3.894	-1.066
-3.894	-1.086
-3.894	-1.086
-3.894	-1.086
-3.894	-1.096
-3.894	-1.093
-3.894	-1.093
-3.894	-1.099
-3.894	-1.109
-3.894	-1.078
-3.894	-1.075
-3.894	-1.077
-3.894	-1.083
-3.896	-1.081
-3.896	-1.082
-3.896	-1.084
-3.896	-1.085
-3.896	-1.091
-3.896	-1.078
-3.896	-1.069
-3.896	-1.088
-3.896	-1.086
-3.896	-1.095
-3.896	-1.104
-3.896	-1.112
-3.896	-1.089
-3.896	-1.078
-3.896	-1.070
-3.896	-1.013
-3.896	-1.208
-3.850	-1.145
-3.850	-1.142
-3.850	-1.145
-3.850	-1.224
-3.850	-1.028
-3.850	-1.074
-3.850	-1.105
-3.850	-1.107
-3.850	-1.120
-3.850	-1.129
-3.850	-1.124
-3.850	-1.128
-3.850	-1.115
-3.850	-1.128
-3.850	-1.127
-3.723	-1.124
-3.723	-1.143
-3.723	-1.134
-3.723	-1.154
-3.723	-1.147
-3.723	-1.128
-3.723	-1.148
-3.723	-1.154
-3.723	-1.155
-3.723	-1.147
-3.723	-1.161
-3.723	-1.166
-3.723	-1.171
-3.723	-1.177
-3.723	-1.167
-3.723	-1.170
-3.723	-1.155
-3.723	-1.141
-3.545	-1.097
-3.545	-1.291
-3.545	-1.295
-3.545	-1.082
-3.545	-1.154
-3.545	-1.162
-3.545	-1.202
-3.545	-1.190
-3.545	-1.195
-3.545	-1.213
-3.545	-1.202
-3.545	-1.216
-3.545	-1.203
-3.545	-1.202
-3.545	-1.207
-3.445	-1.206
-3.445	-1.219
-3.445	-1.220
-3.445	-1.222
-3.445	-1.213
-3.445	-1.214
-3.445	-1.222
-3.445	-1.221
-3.445	-1.230
-3.445	-1.226
-3.445	-1.227
-3.445	-1.228
-3.445	-1.236
-3.445	-1.239
-3.445	-1.232
-3.445	-1.219
-3.445	-1.196
-3.369	-1.156
-3.369	-1.365
-3.369	-1.277
-3.369	-1.275
-3.369	-1.266
-3.369	-1.361
-3.369	-1.150
-3.369	-1.197
-3.369	-1.244
-3.369	-1.234
-3.369	-1.268
-3.369	-1.240
-3.369	-1.247
-3.369	-1.245
-3.369	-1.243
-3.369	-1.250
-3.268	-1.229
-3.268	-1.249
-3.268	-1.246
-3.268	-1.253
-3.268	-1.253
-3.268	-1.238
-3.268	-1.247
-3.268	-1.245
-3.268	-1.241
-3.268	-1.242
-3.268	-1.261
-3.268	-1.254
-3.268	-1.252
-3.268	-1.259
-3.268	-1.256
-3.268	-1.240
-3.268	-1.248
-3.239	-1.245
-3.239	-1.216
-3.239	-1.169
-3.239	-1.378
-3.239	-1.301
-3.239	-1.285
-3.239	-1.281
-3.239	-1.267
-3.239	-1.291
-3.239	-1.292
-3.239	-1.288
-3.239	-1.287
-3.239	-1.283
-3.239	-1.297
-3.239	-1.278
-3.206	-1.291
-3.206	-1.286
-3.206	-1.279
-3.206	-1.297
-3.206	-1.282
-3.206	-1.293
-3.206	-1.304
-3.206	-1.287
-3.206	-1.283
-3.206	-1.286
-3.206	-1.283
-3.206	-1.293
-3.206	-1.301
-3.206	-1.310
-3.206	-1.293
-3.206	-1.288
-3.206	-1.275
-3.204	-1.293
-3.204	-1.285
-3.204	-1.275
-3.204	-1.294
-3.204	-1.306
-3.204	-1.296
-3.204	-1.286
-3.204	-1.281
-3.204	-1.278
-3.204	-1.281
-3.204	-1.287
-3.204	-1.290
-3.204	-1.301
-3.204	-1.282
-3.206	-1.272
-3.206	-1.272
-3.206	-1.268
-3.206	-1.279
-3.206	-1.274
-3.206	-1.276
-3.206	-1.283
-3.206	-1.273
-3.206	-1.275
-3.206	-1.286
-3.206	-1.265
-3.206	-1.262
-3.206	-1.268
-3.206	-1.281
-3.206	-1.283
-3.206	-1.293
-3.206	-1.266
-3.206	-1.292
-3.207	-1.293
-3.207	-1.276
-3.207	-1.285
-3.207	-1.288
-3.207	-1.294
-3.207	-1.289
-3.207	-1.305
-3.207	-1.297
-3.207	-1.297
-3.207	-1.294
-3.207	-1.281
-3.207	-1.303
-3.207	-1.312
-3.207	-1.320
-3.133	-1.311
-3.133	-1.308
-3.133	-1.314
-3.133	-1.313
-3.133	-1.323
-3.133	-1.335
-3.133	-1.337
-3.133	-1.316
-3.133	-1.338
-3.133	-1.332
-3.133	-1.339
-3.133	-1.336
-3.133	-1.341
-3.133	-1.333
-3.133	-1.354
-3.133	-1.343
-3.133	-1.345
-3.030	-1.346
-3.030	-1.338
-3.030	-1.352
-3.030	-1.358
-3.030	-1.362
-3.030	-1.355
-3.030	-1.368
-3.030	-1.360
-3.030	-1.376
-3.030	-1.377
-3.030	-1.371
-3.030	-1.381
-3.030	-1.383
-3.030	-1.392
-3.030	-1.384
-2.914	-1.386
-2.914	-1.390
-2.914	-1.390
-2.914	-1.382
-2.914	-1.391
-2.914	-1.411
-2.914	-1.405
-2.914	-1.413
-2.914	-1.402
-2.914	-1.412
-2.914	-1.411
-2.914	-1.414
-2.914	-1.409
-2.914	-1.418
-2.914	-1.421
-2.914	-1.429
-2.914	-1.431
-2.802	-1.423
-2.802	-1.418
-2.802	-1.430
-2.802	-1.429
-2.802	-1.433
-2.802	-1.437
-2.802	-1.430
-2.802	-1.444
-2.802	-1.444
-2.802	-1.432
-2.802	-1.437
-2.802	-1.430
-2.802	-1.446
-2.802	-1.443
-2.802	-1.445
-2.802	-1.439
-2.750	-1.446
-2.750	-1.440
-2.750	-1.446
-2.750	-1.442
-2.750	-1.433
-2.750	-1.439
-2.750	-1.431
-2.750	-1.439
-2.750	-1.447
-2.750	-1.439
-2.750	-1.442
-2.750	-1.439
-2.750	-1.440
-2.750	-1.428
-2.750	-1.438
-2.750	-1.443
-2.678	-1.437
-2.678	-1.450
-2.678	-1.444
-2.678	-1.443
-2.678	-1.448
-2.678	-1.444
-2.678	-1.437
-2.678	-1.432
-2.678	-1.438
-2.678	-1.542
-2.678	-1.297
-2.678	-1.353
-2.678	-1.377
-2.678	-1.400
-2.678	-1.395
-2.678	-1.406
-2.678	-1.486
-2.597	-1.243
-2.597	-1.323
-2.597	-1.347
-2.597	-1.360
-2.597	-1.356
-2.597	-1.358
-2.597	-1.356
-2.597	-1.348
-2.597	-1.346
-2.597	-1.354
-2.597	-1.362
-2.597	-1.360
-2.597	-1.368
-2.597	-1.350
-2.597	-1.349
-2.597	-1.345
-2.597	-1.356
-2.646	-1.354
-2.646	-1.362
-2.646	-1.356
-2.646	-1.360
-2.646	-1.314
-2.646	-1.249
-2.646	-1.489
-2.646	-1.397
-2.646	-1.400
-2.646	-1.393
-2.646	-1.395
-2.646	-1.367
-2.646	-1.304
-2.646	-1.539
-2.646	-1.427
-2.644	-1.437
-2.644	-1.429
-2.644	-1.435
-2.644	-1.433
-2.644	-1.445
-2.644	-1.442
-2.644	-1.442
-2.644	-1.434
-2.644	-1.519
-2.644	-1.274
-2.644	-1.342
-2.644	-1.383
-2.644	-1.393
-2.644	-1.405
-2.644	-1.400
-2.644	-1.393
-2.644	-1.388
-2.646	-1.389
-2.646	-1.380
-2.646	-1.397
-2.646	-1.380
-2.646	-1.395
-2.646	-1.401
-2.646	-1.400
-2.646	-1.400
-2.646	-1.390
-2.646	-1.386
-2.646	-1.387
-2.646	-1.393
-2.646	-1.409
-2.646	-1.406
-2.646	-1.419
-2.519	-1.413
-2.519	-1.413
-2.519	-1.400
-2.519	-1.409
-2.519	-1.405
-2.519	-1.381
-2.519	-1.328
-2.519	-1.562
-2.519	-1.462
-2.519	-1.473
-2.519	-1.472
-2.519	-1.480
-2.519	-1.477
-2.519	-1.477
-2.519	-1.484
-2.519	-1.489
-2.519	-1.490
-2.423	-1.483
-2.423	-1.500
-2.423	-1.483
-2.423	-1.495
-2.423	-1.489
-2.423	-1.503
-2.423	-1.503
-2.423	-1.504
-2.423	-1.510
-2.423	-1.508
-2.423	-1.500
-2.423	-1.505
-2.423	-1.605
-2.423	-1.360
-2.423	-1.426
-2.307	-1.472
-2.307	-1.476
-2.307	-1.468
-2.307	-1.472
-2.307	-1.480
-2.307	-1.487
-2.307	-1.485
-2.307	-1.485
-2.307	-1.487
-2.307	-1.574
-2.307	-1.320
-2.307	-1.394
-2.307	-1.415
-2.307	-1.437
-2.307	-1.431
-2.307	-1.552
-2.307	-1.296
-2.307	-1.360
-2.242	-1.386
-2.242	-1.410
-2.242	-1.412
-2.242	-1.420
-2.242	-1.400
-2.242	-1.415
-2.242	-1.419
-2.242	-1.399
-2.242	-1.380
-2.242	-1.315
-2.242	-1.564
-2.242	-1.469
-2.242	-1.465
-2.242	-1.473
-2.242	-1.490
-2.121	-1.491
-2.121	-1.592
-2.121	-1.331
-2.121	-1.388
-2.121	-1.412
-2.121	-1.392
-2.121	-1.345
-2.121	-1.605
-2.121	-1.502
-2.121	-1.499
-2.121	-1.484
-2.121	-1.457
-2.121	-1.366
-2.121	-1.639
-2.121	-1.554
-2.121	-1.544
-2.121	-1.546
-2.095	-1.534
-2.095	-1.537
-2.095	-1.557
-2.095	-1.535
-2.095	-1.535
-2.095	-1.542
-2.095	-1.540
-2.095	-1.536
-2.095	-1.548
-2.095	-1.544
-2.095	-1.542
-2.095	-1.535
-2.095	-1.520
-2.095	-1.491
-2.094	-1.425
-2.094	-1.694
-2.094	-1.601
-2.094	-1.577
-2.094	-1.580
-2.094	-1.671
-2.094	-1.411
-2.094	-1.478
-2.094	-1.519
-2.094	-1.531
-2.094	-1.545
-2.094	-1.544
-2.094	-1.525
-2.094	-1.528
-2.094	-1.526
-2.094	-1.517
-2.094	-1.531
-2.094	-1.515
-2.094	-1.525
-2.092	-1.528
-2.092	-1.523
-2.092	-1.533
-2.092	-1.522
-2.092	-1.534
-2.092	-1.519
-2.092	-1.529
-2.092	-1.538
-2.092	-1.545
-2.092	-1.555
-2.092	-1.545
-2.092	-1.536
-2.092	-1.524
-2.092	-1.515
-2.092	-1.529
-2.090	-1.496
-2.090	-1.428
-2.090	-1.695
-2.090	-1.593
-2.090	-1.592
-2.090	-1.584
-2.090	-1.593
-2.090	-1.599
-2.090	-1.604
-2.090	-1.598
-2.090	-1.715
-2.090	-1.440
-2.090	-1.514
-2.090	-1.556
-2.090	-1.548
-2.090	-1.574
-2.090	-1.578
-1.956	-1.568
-1.956	-1.569
-1.956	-1.566
-1.956	-1.579
-1.956	-1.584
-1.956	-1.566
-1.956	-1.575
-1.956	-1.560
-1.956	-1.569
-1.956	-1.573
-1.956	-1.578
-1.956	-1.591
-1.956	-1.576
-1.956	-1.594
-1.956	-1.596
-1.871	-1.597
-1.871	-1.610
-1.871	-1.605
-1.871	-1.614
-1.871	-1.603
-1.871	-1.604
-1.871	-1.598
-1.871	-1.562
-1.871	-1.484
-1.871	-1.771
-1.871	-1.661
-1.871	-1.659
-1.871	-1.680
-1.871	-1.665
-1.871	-1.661
-1.871	-1.674
-1.871	-1.680
-1.756	-1.676
-1.756	-1.683
-1.756	-1.684
-1.756	-1.699
-1.756	-1.674
-1.756	-1.684
-1.756	-1.689
-1.756	-1.688
-1.756	-1.691
-1.756	-1.696
-1.756	-1.697
-1.756	-1.705
-1.756	-1.703
-1.756	-1.701
-1.756	-1.694
-1.663	-1.705
-1.663	-1.709
-1.663	-1.712
-1.663	-1.715
-1.663	-1.710
-1.663	-1.723
-1.663	-1.725
-1.663	-1.701
-1.663	-1.725
-1.663	-1.733
-1.663	-1.717
-1.663	-1.735
-1.663	-1.747
-1.663	-1.843
-1.663	-1.556
-1.663	-1.633
-1.663	-1.666
-1.663	-1.681
-1.534	-1.688
-1.534	-1.707
-1.534	-1.707
-1.534	-1.696
-1.534	-1.699
-1.534	-1.699
-1.534	-1.706
-1.534	-1.715
-1.534	-1.700
-1.534	-1.708
-1.534	-1.711
-1.534	-1.727
-1.534	-1.710
-1.534	-1.700
-1.534	-1.713
-1.401	-1.717
-1.401	-1.714
-1.401	-1.713
-1.401	-1.714
-1.401	-1.733
-1.401	-1.714
-1.401	-1.719
-1.401	-1.714
-1.401	-1.700
-1.401	-1.671
-1.401	-1.596
-1.401	-1.891
-1.401	-1.780
-1.401	-1.767
-1.401	-1.769
-1.401	-1.770
-1.401	-1.760
-1.349	-1.764
-1.349	-1.773
-1.349	-1.778
-1.349	-1.766
-1.349	-1.754
-1.349	-1.757
-1.349	-1.767
-1.349	-1.767
-1.349	-1.762
-1.349	-1.877
-1.349	-1.594
-1.349	-1.668
-1.349	-1.808
-1.349	-1.640
-1.349	-1.428
-1.349	-1.545
-1.347	-1.715
-1.347	-1.432
-1.347	-1.517
-1.347	-1.558
-1.347	-1.569
-1.347	-1.560
-1.347	-1.549
-1.347	-1.544
-1.347	-1.536
-1.347	-1.539
-1.347	-1.542
-1.347	-1.536
-1.347	-1.537
-1.347	-1.536
-1.347	-1.531
-1.347	-1.537
-1.347	-1.541
-1.347	-1.556
-1.346	-1.564
-1.346	-1.560
-1.346	-1.556
-1.346	-1.554
-1.346	-1.521
-1.346	-1.421
-1.346	-1.707
-1.346	-1.568
-1.346	-1.441
-1.346	-1.655
-1.346	-1.826
-1.346	-1.684
-1.346	-1.606
-1.346	-1.901
-1.346	-1.795
-1.282	-1.774
-1.282	-1.787
-1.282	-1.792
-1.282	-1.792
-1.282	-1.811
-1.282	-1.808
-1.282	-1.806
-1.282	-1.806
-1.282	-1.812
-1.282	-1.802
-1.282	-1.816
-1.282	-1.814
-1.282	-1.815
-1.282	-1.819
-1.282	-1.820
-1.282	-1.824
-1.282	-1.827
-1.100	-1.825
-1.100	-1.836
-1.100	-1.841
-1.100	-1.851
-1.100	-1.846
-1.100	-1.840
-1.100	-1.844
-1.100	-1.848
-1.100	-1.858
-1.100	-1.860
-1.100	-1.859
-1.100	-1.865
-1.100	-1.969
-1.100	-1.675
-1.100	-1.759
-1.039	-1.794
-1.039	-1.821
-1.039	-1.812
-1.039	-1.942
-1.039	-1.631
-1.039	-1.713
-1.039	-1.747
-1.039	-1.767
-1.039	-1.768
-1.039	-1.769
-1.039	-1.781
-1.039	-1.776
-1.039	-1.773
-1.039	-1.774
-1.039	-1.779
-1.039	-1.782
-0.920	-1.777
-0.920	-1.781
-0.920	-1.774
-0.920	-1.780
-0.920	-1.790
-0.920	-1.804
-0.920	-1.802
-0.920	-1.793
-0.920	-1.776
-0.920	-1.773
-0.920	-1.739
-0.920	-1.677
-0.920	-1.993
-0.920	-1.859
-0.920	-1.858
-0.920	-1.845
-0.920	-1.815
-0.815	-1.729
-0.815	-2.050
-0.815	-1.925
-0.815	-1.931
-0.815	-1.924
-0.815	-1.923
-0.815	-1.936
-0.815	-1.928
-0.815	-1.940
-0.815	-1.946
-0.815	-1.943
-0.815	-1.949
-0.815	-1.941
-0.815	-1.934
-0.815	-1.934
-0.815	-1.951
-0.732	-1.948
-0.732	-1.951
-0.732	-1.946
-0.732	-1.951
-0.732	-1.953
-0.732	-1.959
-0.732	-1.954
-0.732	-1.949
-0.732	-1.955
-0.732	-1.957
-0.732	-1.955
-0.732	-1.951
-0.732	-1.949
-0.732	-1.954
-0.732	-1.955
-0.732	-1.960
-0.650	-1.959
-0.650	-1.945
-0.650	-1.969
-0.650	-1.963
-0.650	-1.967
-0.650	-1.970
-0.650	-1.961
-0.650	-1.955
-0.650	-1.957
-0.650	-1.949
-0.650	-1.964
-0.650	-1.964
-0.650	-1.977
-0.650	-1.969
-0.650	-1.969
-0.652	-1.964
-0.652	-1.966
-0.652	-1.954
-0.652	-1.953
-0.652	-1.957
-0.652	-1.956
-0.652	-1.972
-0.652	-1.957
-0.652	-1.951
-0.652	-1.966
-0.652	-1.968
-0.652	-1.960
-0.652	-1.959
-0.652	-1.958
-0.652	-1.947
-0.652	-1.949
-0.652	-1.964
-0.652	-1.955
-0.652	-1.963
-0.652	-1.952
-0.652	-1.942
-0.652	-1.944
-0.652	-1.953
-0.652	-1.947
-0.652	-1.960
-0.652	-1.949
-0.652	-1.957
-0.652	-1.944
-0.652	-1.950
-0.652	-1.947
-0.652	-1.946
-0.652	-1.948
-0.652	-1.944
-0.650	-1.954
-0.650	-1.956
-0.650	-1.962
-0.650	-1.943
-0.650	-1.957
-0.650	-1.954
-0.650	-1.953
-0.650	-1.955
-0.650	-1.957
-0.650	-1.954
-0.650	-1.956
-0.650	-1.975
-0.650	-1.969
-0.650	-1.955
-0.650	-1.966
-0.650	-1.962
-0.650	-1.967
-0.575	-1.977
-0.575	-1.981
-0.575	-1.980
-0.575	-1.979
-0.575	-1.976
-0.575	-1.981
-0.575	-1.985
-0.575	-1.995
-0.575	-1.989
-0.575	-1.986
-0.575	-1.982
-0.575	-1.998
-0.575	-2.007
-0.575	-2.001
-0.575	-2.014
-0.446	-2.011
-0.446	-2.013
-0.446	-2.009
-0.446	-2.018
-0.446	-2.019
-0.446	-2.026
-0.446	-2.038
-0.446	-2.039
-0.446	-2.042
-0.446	-2.030
-0.446	-2.049
-0.446	-2.058
-0.446	-2.039
-0.446	-2.060
-0.446	-2.058
-0.446	-2.065
-0.446	-2.068
-0.269	-2.064
-0.269	-2.076
-0.269	-2.074
-0.269	-2.076
-0.269	-2.082
-0.269	-2.072
-0.269	-2.086
-0.269	-2.232
-0.269	-1.887
-0.269	-1.968
-0.269	-2.023
-0.269	-2.033
-0.269	-2.035
-0.269	-2.036
-0.269	-2.044
-0.137	-2.053
-0.137	-2.053
-0.137	-2.044
-0.137	-2.048
-0.137	-2.034
-0.137	-2.043
-0.137	-2.046
-0.137	-2.055
-0.137	-2.057
-0.137	-2.056
-0.137	-2.069
-0.137	-2.195
-0.137	-1.845
-0.137	-1.933
-0.137	-1.972
-0.137	-2.006
-0.137	-2.019
-0.137	-2.019
0.044	-2.026
0.044	-2.003
0.044	-1.995
0.044	-1.946
0.044	-1.848
0.044	-2.204
0.044	-2.070
0.044	-2.070
0.044	-2.075
0.044	-2.066
0.044	-2.060
0.044	-2.062
0.044	-2.073
0.044	-2.071
0.044	-2.076
0.046	-2.081
0.046	-2.092
0.046	-2.087
0.046	-2.073
0.046	-2.078
0.046	-2.063
0.046	-2.056
0.046	-2.014
0.046	-1.928
0.046	-2.273
0.046	-2.147
0.046	-2.148
0.046	-2.142
0.046	-2.128
0.046	-2.138
0.046	-2.129
0.046	-2.147
0.044	-2.139
0.044	-2.141
0.044	-2.145
0.044	-2.136
0.044	-2.128
0.044	-2.132
0.044	-2.130
0.044	-2.134
0.044	-2.148
0.044	-2.150
0.044	-2.128
0.044	-2.130
0.044	-2.125
0.044	-2.125
0.044	-2.129
0.046	-2.126
0.046	-2.146
0.046	-2.135
0.046	-2.134
0.046	-2.129
0.046	-2.126
0.046	-2.118
0.046	-2.128
0.046	-2.121
0.046	-2.128
0.046	-2.255
0.046	-1.913
0.046	-1.997
0.046	-2.039
0.046	-2.050
0.046	-2.065
0.046	-2.064
0.046	-2.065
0.047	-2.067
0.047	-2.071
0.047	-2.055
0.047	-2.062
0.047	-2.059
0.047	-2.058
0.047	-2.052
0.047	-2.071
0.047	-2.068
0.047	-2.068
0.047	-2.064
0.047	-2.062
0.047	-2.071
0.047	-2.069
0.047	-2.067
0.049	-2.074
0.049	-2.078
0.049	-2.080
0.049	-2.082
0.049	-2.065
0.049	-2.048
0.049	-2.012
0.049	-1.919
0.049	-2.272
0.049	-2.143
0.049	-2.142
0.049	-2.125
0.049	-2.126
0.049	-2.126
0.049	-2.121
0.049	-2.131
0.049	-2.135
0.050	-2.138
0.050	-2.272
0.050	-1.919
0.050	-2.004
0.050	-2.048
0.050	-2.053
0.050	-2.066
0.050	-2.068
0.050	-2.066
0.050	-2.075
0.050	-2.063
0.050	-2.055
0.050	-2.071
0.050	-2.055
0.050	-2.052
0.050	-2.055
0.084	-2.055
0.084	-2.065
0.084	-2.060
0.084	-2.059
0.084	-2.057
0.084	-2.053
0.084	-2.060
0.084	-2.069
0.084	-2.079
0.084	-2.081
0.084	-2.077
0.084	-2.074
0.084	-2.063
0.084	-2.043
0.084	-2.008
0.084	-1.908
0.084	-2.266
0.082	-2.128
0.082	-2.131
0.082	-2.127
0.082	-2.133
0.082	-2.269
0.082	-1.912
0.082	-1.999
0.082	-2.053
0.082	-2.074
0.082	-2.068
0.082	-2.067
0.082	-2.072
0.082	-2.065
0.082	-2.069
0.082	-2.061
0.082	-2.055
0.081	-2.052
0.081	-2.065
0.081	-2.066
0.081	-2.054
0.081	-2.050
0.081	-2.049
0.081	-2.050
0.081	-2.056
0.081	-2.071
0.081	-2.203
0.081	-1.855
0.081	-1.941
0.081	-1.980
0.081	-1.998
0.081	-2.011
0.081	-1.995
0.081	-1.983
0.081	-1.939
0.079	-1.840
0.079	-2.202
0.079	-2.054
0.079	-2.049
0.079	-2.046
0.079	-2.043
0.079	-2.057
0.079	-2.036
0.079	-2.050
0.079	-2.178
0.079	-1.835
0.079	-1.928
0.079	-1.973
0.079	-1.985
0.079	-1.991
0.078	-1.986
0.078	-1.991
0.078	-1.989
0.078	-1.980
0.078	-2.095
0.078	-1.695
0.078	-1.697
0.078	-2.083
0.078	-1.963
0.078	-1.974
0.078	-1.977
0.078	-1.970
0.078	-1.973
0.078	-1.958
0.078	-1.968
0.078	-2.096
0.078	-1.743
0.078	-1.842
0.078	-1.878
0.041	-1.900
0.041	-1.907
0.041	-1.895
0.041	-1.889
0.041	-1.838
0.041	-1.743
0.041	-2.082
0.041	-1.953
0.041	-2.087
0.041	-1.745
0.041	-1.961
0.041	-1.665
0.041	-1.755
0.041	-1.792
0.041	-1.763
0.041	-1.677
-0.017	-2.032
-0.017	-1.882
-0.017	-1.878
-0.017	-1.874
-0.017	-1.873
-0.017	-1.862
-0.017	-1.859
-0.017	-1.842
-0.017	-1.840
-0.017	-1.776
-0.017	-1.703
-0.017	-2.039
-0.017	-1.905
-0.017	-1.907
-0.017	-1.902
-0.017	-1.905
-0.017	-1.905
-0.143	-1.895
-0.143	-1.891
-0.143	-1.891
-0.143	-1.879
-0.143	-1.826
-0.143	-1.707
-0.143	-2.003
-0.143	-1.779
-0.143	-2.125
-0.143	-1.993
-0.143	-1.983
-0.143	-1.979
-0.143	-1.978
-0.143	-1.968
-0.143	-1.971
-0.237	-1.969
-0.237	-1.975
-0.237	-1.976
-0.237	-2.090
-0.237	-1.770
-0.237	-1.850
-0.237	-1.883
-0.237	-1.896
-0.237	-1.900
-0.237	-1.904
-0.237	-2.023
-0.237	-1.692
-0.237	-1.777
-0.237	-1.810
-0.237	-1.829
-0.237	-1.821
-0.237	-1.829
-0.237	-1.826
-0.352	-1.824
-0.352	-1.820
-0.352	-1.823
-0.352	-1.815
-0.352	-1.819
-0.352	-1.934
-0.352	-1.621
-0.352	-1.696
-0.352	-1.748
-0.352	-1.755
-0.352	-1.767
-0.352	-1.771
-0.352	-1.761
-0.352	-1.731
-0.352	-1.689
-0.352	-1.622
-0.388	-1.940
-0.388	-1.810
-0.388	-1.927
-0.388	-1.609
-0.388	-1.678
-0.388	-1.673
-0.388	-1.613
-0.388	-1.945
-0.388	-1.814
-0.388	-1.815
-0.388	-1.809
-0.388	-1.821
-0.388	-1.817
-0.388	-1.814
-0.388	-1.804
-0.388	-1.807
