27.916	-0.000
25.325	0.048
25.325	-0.022
25.325	-0.072
25.325	-0.110
25.325	-0.131
25.325	-0.159
25.325	-0.237
25.325	-0.122
25.144	-0.179
25.144	-0.222
25.144	-0.248
25.144	-0.288
25.144	-0.313
25.144	-0.345
25.144	-0.369
25.144	-0.404
25.144	-0.451
25.144	-0.477
25.144	-0.514
25.144	-0.556
25.144	-0.585
25.144	-0.608
25.144	-0.652
24.591	-0.691
24.591	-0.788
24.591	-0.636
24.591	-0.719
24.591	-0.771
24.591	-0.819
24.591	-0.874
24.591	-0.973
24.591	-0.942
24.591	-0.927
24.591	-0.939
24.591	-0.942
24.591	-0.935
24.591	-0.891
24.591	-1.045
24.591	-1.007
24.591	-1.013
24.591	-1.040
23.749	-1.034
23.749	-1.053
23.749	-1.069
23.749	-1.078
23.749	-1.091
23.749	-1.094
23.749	-1.111
23.749	-1.118
23.749	-1.128
23.749	-1.141
23.749	-1.158
23.749	-1.153
23.749	-1.151
23.749	-1.130
23.749	-1.329
23.217	-1.265
23.217	-1.297
23.217	-1.324
23.217	-1.344
23.217	-1.349
23.217	-1.386
23.217	-1.427
23.217	-1.447
23.217	-1.475
23.217	-1.497
23.217	-1.535
23.217	-1.550
23.217	-1.583
23.217	-1.613
23.217	-1.626
23.217	-1.657
23.217	-1.681
21.592	-1.711
21.592	-1.748
21.592	-1.782
21.592	-1.806
21.592	-1.837
21.592	-1.865
21.592	-1.893
21.592	-1.926
21.592	-1.960
21.592	-1.983
21.592	-1.999
21.592	-2.036
21.592	-2.067
21.592	-2.105
20.008	-2.128
20.008	-2.155
20.008	-2.179
20.008	-2.219
20.008	-2.245
20.008	-2.271
20.008	-2.291
20.008	-2.316
20.008	-2.359
20.008	-2.390
20.008	-2.419
20.008	-2.448
20.008	-2.476
20.008	-2.515
20.008	-2.545
20.008	-2.571
20.008	-2.607
20.008	-2.637
20.008	-2.652
18.202	-2.693
18.202	-2.730
18.202	-2.749
18.202	-2.786
18.202	-2.813
18.202	-2.841
18.202	-2.876
18.202	-2.908
18.202	-2.925
18.202	-2.952
18.202	-2.980
18.202	-2.987
18.202	-3.020
18.202	-3.059
16.892	-3.082
16.892	-3.101
16.892	-3.135
16.892	-3.174
16.892	-3.214
16.892	-3.228
16.892	-3.269
16.892	-3.292
16.892	-3.322
16.892	-3.354
16.892	-3.383
16.892	-3.421
16.892	-3.463
16.892	-3.484
16.892	-3.800
16.892	-3.420
16.892	-2.937
16.892	-3.504
16.892	-3.229
15.947	-3.056
15.947	-2.944
15.947	-2.841
15.947	-2.748
15.947	-2.383
15.947	-2.992
15.947	-2.431
15.947	-2.676
15.947	-2.799
15.947	-2.838
15.947	-2.853
15.947	-2.884
15.947	-2.905
15.947	-2.915
15.947	-2.937
15.947	-2.952
15.947	-2.977
15.947	-3.023
14.603	-3.071
14.603	-3.116
14.603	-3.181
14.603	-3.225
14.603	-3.273
14.603	-3.277
14.603	-3.564
14.603	-2.478
14.603	-3.206
14.603	-3.647
14.603	-3.144
14.603	-3.580
14.603	-3.735
14.603	-3.911
14.603	-4.096
14.603	-4.334
14.603	-4.718
14.603	-4.287
13.690	-5.034
13.690	-4.790
13.690	-4.827
13.690	-4.884
13.690	-4.936
13.690	-4.958
13.690	-5.007
13.690	-5.052
13.690	-5.087
13.690	-5.141
13.690	-5.188
13.690	-5.230
13.690	-5.266
13.690	-5.308
13.690	-5.335
12.941	-5.348
12.941	-5.336
12.941	-5.656
12.941	-4.460
12.941	-5.603
12.941	-5.421
12.941	-5.499
12.941	-5.552
12.941	-5.600
12.941	-5.630
12.941	-5.645
12.941	-5.679
12.941	-5.709
12.941	-6.170
12.941	-5.108
12.941	-5.434
12.941	-5.612
12.941	-5.700
12.027	-5.748
12.027	-5.795
12.027	-5.839
12.027	-5.880
12.027	-5.916
12.027	-5.952
12.027	-5.994
12.027	-6.037
12.027	-6.057
12.027	-6.106
12.027	-6.125
12.027	-6.146
12.027	-6.142
12.027	-6.070
12.027	-5.854
11.092	-6.907
11.092	-6.568
11.092	-6.627
11.092	-6.677
11.092	-6.731
11.092	-6.773
11.092	-6.813
11.092	-6.821
11.092	-6.803
11.092	-6.731
11.092	-6.483
11.092	-7.633
11.092	-7.238
11.092	-7.277
11.092	-7.332
11.092	-7.396
11.092	-7.434
10.043	-7.481
10.043	-7.509
10.043	-7.573
10.043	-7.627
10.043	-7.666
10.043	-7.706
10.043	-7.753
10.043	-7.794
10.043	-7.862
10.043	-7.917
10.043	-7.990
10.043	-8.043
10.043	-8.114
10.043	-8.172
9.334	-8.247
9.334	-8.291
9.334	-8.343
9.334	-8.390
9.334	-8.439
9.334	-8.507
9.334	-8.581
9.334	-8.645
9.334	-8.691
9.334	-8.748
9.334	-8.807
9.334	-8.867
9.334	-8.919
9.334	-8.973
9.334	-9.015
9.334	-9.075
9.334	-9.137
9.334	-9.198
8.946	-9.230
8.946	-9.278
8.946	-9.323
8.946	-9.372
8.946	-9.428
8.946	-9.489
8.946	-9.520
8.946	-9.572
8.946	-9.617
8.946	-9.656
8.946	-9.703
8.946	-9.733
8.946	-9.765
8.946	-9.813
8.946	-9.862
8.669	-9.918
8.669	-9.966
8.669	-10.007
8.669	-10.049
8.669	-10.098
8.669	-10.148
8.669	-10.197
8.669	-10.235
8.669	-11.009
8.669	-9.222
8.669	-9.745
8.669	-10.006
8.669	-10.146
8.669	-10.206
8.669	-10.256
8.669	-10.298
8.669	-10.335
8.669	-10.381
7.672	-10.430
7.672	-10.478
7.672	-10.534
7.672	-10.585
7.672	-10.651
7.672	-10.704
7.672	-10.781
7.672	-10.844
7.672	-10.915
7.672	-10.985
7.672	-11.059
7.672	-11.139
7.672	-11.201
7.672	-11.287
6.735	-11.372
6.735	-11.459
6.735	-11.534
6.735	-11.597
6.735	-11.581
6.735	-11.457
6.735	-11.053
6.735	-12.977
6.735	-12.360
6.735	-12.438
6.735	-12.530
6.735	-12.613
6.735	-12.710
6.735	-12.804
6.735	-12.898
6.735	-12.988
6.735	-13.088
6.735	-13.178
6.423	-13.268
6.423	-13.378
6.423	-13.457
6.423	-13.565
6.423	-13.648
6.423	-13.730
6.423	-13.816
6.423	-13.918
6.423	-14.000
6.423	-14.084
6.423	-14.176
6.423	-15.251
6.423	-12.794
6.423	-13.538
6.423	-13.888
6.423	-14.064
6.423	-14.182
6.423	-14.252
6.423	-14.300
6.423	-14.350
6.423	-14.402
6.423	-14.441
6.423	-14.487
6.423	-14.540
6.423	-14.561
6.423	-14.591
6.423	-14.604
6.423	-14.641
6.423	-14.651
6.423	-14.677
6.423	-14.692
6.423	-14.704
6.423	-14.717
6.252	-14.713
6.252	-14.693
6.252	-14.660
6.252	-14.619
6.252	-14.540
6.252	-14.436
6.252	-14.236
6.252	-13.873
6.252	-13.109
6.252	-15.531
6.252	-14.430
6.252	-14.302
6.252	-14.162
6.252	-13.992
5.847	-13.812
5.847	-13.631
5.847	-13.458
5.847	-13.268
5.847	-13.095
5.847	-12.891
5.847	-12.688
5.847	-12.493
5.847	-12.286
5.847	-12.089
5.847	-11.867
5.847	-11.648
5.847	-11.408
5.847	-11.152
5.847	-10.893
5.847	-10.628
5.847	-10.368
5.847	-10.121
6.902	-9.878
6.902	-9.640
6.902	-9.397
6.902	-9.157
6.902	-8.919
6.902	-8.649
6.902	-8.692
6.902	-7.647
6.902	-7.916
6.902	-7.012
6.902	-7.033
6.902	-6.941
6.902	-6.794
6.902	-6.627
6.902	-6.430
6.902	-6.251
10.205	-6.035
10.205	-5.836
10.205	-5.643
10.205	-5.444
10.205	-5.251
10.205	-5.063
10.205	-4.877
10.205	-4.707
10.205	-4.553
10.205	-4.405
10.205	-4.265
10.205	-4.139
10.205	-4.000
10.205	-3.884
10.205	-3.764
10.205	-3.646
10.205	-3.519
11.829	-3.386
11.829	-3.225
11.829	-3.022
11.829	-2.692
11.829	-3.311
11.829	-2.705
11.829	-3.370
11.829	-2.983
11.829	-2.889
11.829	-2.799
11.829	-2.698
11.829	-2.602
11.829	-2.488
11.829	-2.406
11.829	-2.310
12.799	-2.223
12.799	-2.145
12.799	-2.077
12.799	-2.011
12.799	-1.943
12.799	-1.884
12.799	-1.818
12.799	-1.771
12.799	-1.718
12.799	-1.666
12.799	-1.627
12.799	-1.582
12.799	-1.539
12.799	-1.509
12.799	-1.490
12.799	-1.557
12.799	-1.295
15.348	-1.330
15.348	-1.336
15.348	-1.335
15.348	-1.318
15.348	-1.322
15.348	-1.297
15.348	-1.296
15.348	-1.285
15.348	-1.296
15.348	-1.390
15.348	-1.160
15.348	-1.231
15.348	-1.269
15.348	-1.288
15.348	-1.304
15.348	-1.319
18.041	-1.311
18.041	-1.288
18.041	-1.265
18.041	-1.258
18.041	-1.247
18.041	-1.237
18.041	-1.224
18.041	-1.212
18.041	-1.203
18.041	-1.167
18.041	-1.122
18.041	-1.058
18.041	-0.969
18.041	-1.216
18.041	-1.011
18.041	-1.003
18.041	-0.974
20.800	-0.968
20.800	-0.945
20.800	-0.922
20.800	-0.890
20.800	-0.864
20.800	-0.799
20.800	-0.706
20.800	-0.911
20.800	-0.789
20.800	-0.744
20.800	-0.721
20.800	-0.686
20.800	-0.653
20.800	-0.647
20.800	-0.650
20.800	-0.658
20.369	-0.644
20.369	-0.627
20.369	-0.625
20.369	-0.615
20.369	-0.610
20.369	-0.594
20.369	-0.607
20.369	-0.608
20.369	-0.614
20.369	-0.604
20.369	-0.589
20.369	-0.683
20.369	-0.652
20.369	-0.662
20.369	-0.662
20.369	-0.651
20.369	-0.645
18.801	-0.636
18.801	-0.629
18.801	-0.627
18.801	-0.616
18.801	-0.613
18.801	-0.646
18.801	-0.584
18.801	-0.596
18.801	-0.635
18.801	-0.560
18.801	-0.568
18.801	-0.569
18.801	-0.558
18.801	-0.545
18.801	-0.545
18.801	-0.527
18.801	-0.515
18.801	-0.519
18.610	-0.456
18.610	-0.456
18.610	-0.454
18.610	-0.441
18.610	-0.425
18.610	-0.422
18.610	-0.438
18.610	-0.368
18.610	-0.382
18.610	-0.369
18.610	-0.362
18.610	-0.355
18.610	-0.348
18.610	-0.319
18.610	-0.307
18.610	-0.301
18.610	-0.286
18.610	-0.260
18.968	-0.327
18.968	-0.284
18.968	-0.257
18.968	-0.315
18.968	-0.284
18.968	-0.282
18.968	-0.263
18.968	-0.265
18.968	-0.260
18.968	-0.260
18.968	-0.264
18.968	-0.246
18.968	-0.309
18.968	-0.293
18.967	-0.286
18.967	-0.283
18.967	-0.282
18.967	-0.258
18.967	-0.246
18.967	-0.307
18.967	-0.279
18.967	-0.282
18.967	-0.289
18.967	-0.291
18.967	-0.292
18.967	-0.308
18.967	-0.312
18.967	-0.314
18.967	-0.310
18.967	-0.312
18.967	-0.338
18.967	-0.282
18.795	-0.298
18.795	-0.320
18.795	-0.319
18.795	-0.322
18.795	-0.340
18.795	-0.339
18.795	-0.346
18.795	-0.343
18.795	-0.328
18.795	-0.331
18.795	-0.324
18.795	-0.319
18.795	-0.336
18.795	-0.331
18.795	-0.330
18.795	-0.341
18.352	-0.329
18.352	-0.361
18.352	-0.294
18.352	-0.317
18.352	-0.322
18.352	-0.328
18.352	-0.327
18.352	-0.323
18.352	-0.324
18.352	-0.337
18.352	-0.327
18.352	-0.327
18.352	-0.311
18.352	-0.356
18.352	-0.341
18.352	-0.334
18.352	-0.350
18.352	-0.360
17.556	-0.364
17.556	-0.366
17.556	-0.358
17.556	-0.356
17.556	-0.369
17.556	-0.370
17.556	-0.376
17.556	-0.389
17.556	-0.367
17.556	-0.403
17.556	-0.400
17.556	-0.403
