4.607	-0.037
-6.542	0.021
-6.542	0.054
-6.542	0.080
-6.540	0.094
-6.540	0.110
-6.540	0.127
-6.540	0.141
-6.540	0.165
-6.540	0.173
-6.540	0.196
-6.540	0.210
-6.540	0.224
-6.540	0.245
-6.540	0.266
-6.540	0.285
-6.540	0.307
-6.540	0.324
-6.540	0.341
-6.540	0.365
-6.540	0.378
-6.538	0.396
-6.538	0.412
-6.538	0.471
-6.538	0.387
-6.538	0.435
-6.538	0.465
-6.538	0.476
-6.538	0.502
-6.538	0.536
-6.538	0.598
-6.538	0.564
-6.538	0.561
-6.538	0.558
-6.538	0.557
-6.538	0.555
-6.537	0.554
-6.537	0.553
-6.537	0.550
-6.537	0.550
-6.537	0.549
-6.537	0.556
-6.537	0.562
-6.537	0.559
-6.537	0.564
-6.537	0.558
-6.537	0.563
-6.537	0.558
-6.537	0.564
-6.537	0.559
-6.537	0.566
-6.508	0.596
-6.508	0.489
-6.508	0.490
-6.508	0.630
-6.508	0.491
-6.508	0.533
-6.508	0.542
-6.508	0.541
-6.508	0.549
-6.508	0.544
-6.508	0.545
-6.508	0.540
-6.508	0.538
-6.508	0.546
-6.508	0.545
-6.508	0.540
-6.508	0.546
-6.508	0.544
-6.535	0.555
-6.535	0.551
-6.535	0.543
-6.535	0.554
-6.535	0.550
-6.535	0.550
-6.535	0.547
-6.535	0.552
-6.535	0.551
-6.535	0.550
-6.535	0.549
-6.535	0.533
-6.535	0.508
-6.535	0.604
-6.535	0.551
-6.534	0.527
-6.534	0.623
-6.534	0.578
-6.534	0.584
-6.534	0.590
-6.534	0.584
-6.534	0.583
-6.534	0.586
-6.534	0.588
-6.534	0.587
-6.534	0.580
-6.534	0.579
-6.534	0.586
-6.534	0.588
-6.534	0.584
-6.487	0.584
-6.487	0.592
-6.487	0.599
-6.487	0.576
-6.487	0.594
-6.487	0.599
-6.487	0.605
-6.487	0.599
-6.487	0.605
-6.487	0.601
-6.487	0.606
-6.487	0.599
-6.487	0.603
-6.487	0.593
-6.487	0.597
-6.487	0.602
-6.487	0.601
-6.485	0.602
-6.485	0.612
-6.485	0.597
-6.485	0.608
-6.485	0.612
-6.485	0.608
-6.485	0.609
-6.485	0.616
-6.485	0.613
-6.485	0.623
-6.485	0.619
-6.485	0.617
-6.485	0.621
-6.485	0.623
-6.485	0.627
-6.484	0.617
-6.484	0.633
-6.484	0.626
-6.484	0.625
-6.484	0.629
-6.484	0.630
-6.484	0.639
-6.484	0.630
-6.484	0.625
-6.484	0.638
-6.484	0.638
-6.484	0.639
-6.484	0.632
-6.484	0.635
-6.484	0.643
-6.484	0.633
-6.484	0.631
-6.482	0.636
-6.482	0.631
-6.482	0.624
-6.482	0.617
-6.482	0.616
-6.482	0.604
-6.482	0.620
-6.482	0.605
-6.482	0.611
-6.482	0.598
-6.482	0.592
-6.482	0.580
-6.482	0.579
-6.482	0.588
-6.481	0.575
-6.481	0.581
-6.481	0.572
-6.481	0.569
-6.481	0.555
-6.481	0.540
-6.481	0.550
-6.481	0.548
-6.481	0.541
-6.481	0.543
-6.481	0.544
-6.481	0.549
-6.481	0.529
-6.481	0.529
-6.481	0.529
-6.481	0.535
-6.481	0.530
-6.479	0.531
-6.479	0.530
-6.479	0.533
-6.479	0.537
-6.479	0.539
-6.479	0.521
-6.479	0.525
-6.479	0.522
-6.479	0.565
-6.479	0.486
-6.479	0.506
-6.479	0.503
-6.479	0.522
-6.479	0.520
-6.479	0.500
-6.479	0.505
-6.413	0.507
-6.413	0.512
-6.413	0.514
-6.413	0.506
-6.413	0.502
-6.413	0.508
-6.413	0.494
-6.413	0.489
-6.413	0.488
-6.413	0.492
-6.413	0.478
-6.413	0.483
-6.413	0.485
-6.413	0.485
-6.413	0.468
-6.413	0.485
-6.412	0.482
-6.412	0.476
-6.412	0.474
-6.412	0.483
-6.412	0.477
-6.412	0.455
-6.412	0.432
-6.412	0.519
-6.412	0.486
-6.412	0.490
-6.412	0.479
-6.412	0.490
-6.412	0.494
-6.412	0.489
-6.412	0.494
-6.412	0.497
-6.413	0.491
-6.413	0.491
-6.413	0.494
-6.413	0.477
-6.413	0.480
-6.413	0.491
-6.413	0.484
-6.413	0.493
-6.413	0.497
-6.413	0.498
-6.413	0.489
-6.413	0.487
-6.413	0.499
-6.413	0.491
-6.413	0.493
-6.413	0.490
-6.413	0.490
-6.378	0.478
-6.378	0.475
-6.378	0.489
-6.378	0.488
-6.378	0.482
-6.378	0.472
-6.378	0.477
-6.378	0.478
-6.378	0.482
-6.378	0.479
-6.378	0.484
-6.378	0.469
-6.378	0.466
-6.378	0.480
-6.314	0.467
-6.314	0.480
-6.314	0.481
-6.314	0.473
-6.314	0.466
-6.314	0.475
-6.314	0.474
-6.314	0.469
-6.314	0.469
-6.314	0.472
-6.314	0.480
-6.314	0.479
-6.314	0.474
-6.314	0.475
-6.314	0.476
-6.314	0.469
-6.314	0.473
-6.119	0.478
-6.119	0.468
-6.119	0.471
-6.119	0.477
-6.119	0.498
-6.119	0.497
-6.119	0.485
-6.119	0.489
-6.119	0.494
-6.119	0.483
-6.119	0.485
-6.119	0.491
-6.119	0.489
-6.119	0.494
-6.119	0.486
-5.965	0.494
-5.965	0.505
-5.965	0.491
-5.965	0.489
-5.965	0.498
-5.965	0.495
-5.965	0.504
-5.965	0.497
-5.965	0.508
-5.965	0.510
-5.965	0.508
-5.965	0.529
-5.965	0.446
-5.965	0.478
-5.965	0.491
-5.965	0.498
-5.965	0.497
-5.965	0.501
-5.808	0.493
-5.808	0.488
-5.808	0.481
-5.808	0.493
-5.808	0.465
-5.808	0.473
-5.808	0.471
-5.808	0.477
-5.808	0.464
-5.808	0.455
-5.808	0.454
-5.808	0.440
-5.808	0.435
-5.808	0.438
-5.808	0.450
-5.454	0.435
-5.454	0.443
-5.454	0.434
-5.454	0.429
-5.454	0.434
-5.454	0.413
-5.454	0.397
-5.454	0.390
-5.454	0.379
-5.454	0.452
-5.454	0.415
-5.454	0.437
-5.454	0.363
-5.454	0.388
-5.454	0.386
-5.454	0.388
-5.454	0.381
-5.406	0.378
-5.406	0.371
-5.406	0.380
-5.406	0.373
-5.406	0.385
-5.406	0.379
-5.406	0.377
-5.406	0.374
-5.406	0.377
-5.406	0.392
-5.406	0.396
-5.406	0.385
-5.406	0.381
-5.406	0.394
-5.406	0.369
-5.408	0.390
-5.408	0.379
-5.408	0.383
-5.408	0.389
-5.408	0.388
-5.408	0.380
-5.408	0.380
-5.408	0.373
-5.408	0.354
-5.408	0.341
-5.408	0.401
-5.408	0.361
-5.408	0.362
-5.408	0.363
-5.408	0.350
-5.408	0.352
-5.408	0.363
-5.353	0.353
-5.353	0.339
-5.353	0.331
-5.353	0.317
-5.353	0.315
-5.353	0.310
-5.353	0.301
-5.353	0.280
-5.353	0.268
-5.353	0.270
-5.353	0.261
-5.353	0.240
-5.353	0.242
-5.353	0.233
-5.353	0.214
-5.126	0.197
-5.126	0.199
-5.126	0.182
-5.126	0.163
-5.126	0.154
-5.126	0.148
-5.126	0.132
-5.126	0.113
-5.126	0.109
-5.126	0.093
-5.126	0.094
-5.126	0.080
-5.126	0.071
-5.126	0.060
-5.126	0.025
-5.126	0.031
-5.126	0.016
-5.126	-0.007
-4.802	-0.004
-4.802	-0.020
-4.802	-0.031
-4.802	-0.037
-4.802	-0.044
-4.802	-0.069
-4.802	-0.054
-4.802	-0.064
-4.802	-0.081
-4.802	-0.099
-4.802	-0.112
-4.802	-0.113
-4.802	-0.127
-4.802	-0.142
-4.802	-0.146
-4.802	-0.153
-4.446	-0.169
-4.446	-0.181
-4.446	-0.177
-4.446	-0.183
-4.446	-0.196
-4.446	-0.201
-4.446	-0.214
-4.446	-0.217
-4.446	-0.210
-4.446	-0.217
-4.446	-0.216
-4.446	-0.236
-4.446	-0.229
-4.446	-0.229
-4.446	-0.238
-4.446	-0.231
-4.210	-0.236
-4.210	-0.239
-4.210	-0.232
-4.210	-0.219
-4.210	-0.267
-4.210	-0.256
-4.210	-0.243
-4.210	-0.249
-4.210	-0.253
-4.210	-0.243
-4.210	-0.245
-4.210	-0.259
-4.210	-0.252
-4.210	-0.251
-4.210	-0.257
-4.210	-0.233
-4.211	-0.235
-4.211	-0.238
-4.211	-0.230
-4.211	-0.232
-4.211	-0.236
-4.211	-0.240
-4.211	-0.238
-4.211	-0.233
-4.211	-0.237
-4.211	-0.234
-4.211	-0.255
-4.211	-0.264
-4.211	-0.258
-4.211	-0.253
-4.211	-0.254
-4.211	-0.261
-4.210	-0.254
-4.210	-0.284
-4.210	-0.278
-4.210	-0.297
-4.210	-0.303
-4.210	-0.304
-4.210	-0.299
-4.210	-0.348
-4.210	-0.274
-4.210	-0.298
-4.210	-0.322
-4.210	-0.316
-4.210	-0.339
-4.210	-0.380
-4.210	-0.374
-4.210	-0.363
-3.777	-0.387
-3.777	-0.400
-3.777	-0.403
-3.777	-0.410
-3.777	-0.448
-3.777	-0.455
-3.777	-0.457
-3.777	-0.474
-3.777	-0.470
-3.777	-0.473
-3.777	-0.506
-3.777	-0.533
-3.777	-0.532
-3.777	-0.556
-3.777	-0.576
-3.777	-0.561
-3.416	-0.581
-3.416	-0.590
-3.416	-0.601
-3.416	-0.617
-3.416	-0.636
-3.416	-0.613
-3.416	-0.703
-3.416	-0.687
-3.416	-0.705
-3.416	-0.731
-3.416	-0.720
-3.416	-0.725
-3.416	-0.753
-3.416	-0.775
-3.416	-0.774
-3.416	-0.776
-3.416	-0.800
-3.416	-0.806
-3.041	-0.803
-3.041	-0.822
-3.041	-0.823
-3.041	-0.828
-3.041	-0.841
-3.041	-0.849
-3.041	-0.844
-3.041	-0.851
-3.041	-0.860
-3.041	-0.851
-3.041	-0.865
-3.041	-0.872
-3.041	-0.864
-3.041	-0.871
-3.041	-0.876
-2.852	-0.877
-2.852	-0.871
-2.852	-0.873
-2.852	-0.886
-2.852	-0.874
-2.852	-0.870
-2.852	-0.870
-2.852	-0.866
-2.852	-0.868
-2.852	-0.865
-2.852	-0.864
-2.852	-0.862
-2.852	-0.863
-2.852	-0.853
-2.899	-0.846
-2.899	-0.860
-2.899	-0.850
-2.899	-0.863
-2.899	-0.848
-2.899	-0.854
-2.899	-0.863
-2.899	-0.854
-2.899	-0.854
-2.899	-0.855
-2.899	-0.849
-2.899	-0.844
-2.899	-0.848
-2.899	-0.854
-2.899	-0.851
-2.899	-0.914
-2.899	-0.765
-2.899	-0.800
-2.927	-0.825
-2.927	-0.822
-2.927	-0.835
-2.927	-0.836
-2.927	-0.845
-2.927	-0.853
-2.927	-0.830
-2.927	-0.846
-2.927	-0.843
-2.927	-0.851
-2.927	-0.852
-2.927	-0.866
-2.927	-0.861
-2.927	-0.846
-2.927	-0.873
-2.811	-0.866
-2.811	-0.881
-2.811	-0.945
-2.811	-0.777
-2.811	-0.837
-2.811	-0.845
-2.811	-0.868
-2.811	-0.885
-2.811	-0.893
-2.811	-0.899
-2.811	-0.894
-2.811	-0.888
-2.811	-0.849
-2.811	-1.064
-2.811	-0.842
-2.811	-0.892
-2.670	-0.925
-2.670	-0.934
-2.670	-0.946
-2.670	-0.942
-2.670	-0.946
-2.670	-0.971
-2.670	-0.964
-2.670	-0.961
-2.670	-0.974
-2.670	-0.975
-2.670	-0.988
-2.670	-1.003
-2.670	-1.019
-2.670	-1.007
-2.670	-1.015
-2.670	-1.006
-2.670	-0.969
-2.484	-1.146
-2.484	-1.096
-2.484	-1.109
-2.484	-1.103
-2.484	-1.117
-2.484	-1.133
-2.484	-1.133
-2.484	-1.140
-2.484	-1.136
-2.484	-1.124
-2.484	-1.092
-2.484	-1.278
-2.484	-1.209
-2.484	-1.216
-2.211	-1.226
-2.211	-1.235
-2.211	-1.252
-2.211	-1.256
-2.211	-1.262
-2.211	-1.273
-2.211	-1.299
-2.211	-1.299
-2.211	-1.304
-2.211	-1.306
-2.211	-1.309
-2.211	-1.310
-2.211	-1.328
-2.211	-1.334
-2.211	-1.337
-2.211	-1.348
-2.211	-1.350
-2.036	-1.344
-2.036	-1.358
-2.036	-1.379
-2.036	-1.471
-2.036	-1.228
-2.036	-1.304
-2.036	-1.342
-2.036	-1.346
-2.036	-1.359
-2.036	-1.364
-2.036	-1.370
-2.036	-1.379
-2.036	-1.376
-2.036	-1.393
-2.036	-1.390
-2.036	-1.393
-1.894	-1.391
-1.894	-1.384
-1.894	-1.396
-1.894	-1.390
-1.894	-1.397
-1.894	-1.409
-1.894	-1.398
-1.894	-1.403
-1.894	-1.413
-1.894	-1.413
-1.894	-1.417
-1.894	-1.427
-1.894	-1.419
-1.894	-1.420
-1.894	-1.420
-1.894	-1.406
-1.894	-1.376
-1.892	-1.313
-1.892	-1.558
-1.892	-1.462
-1.892	-1.461
-1.892	-1.468
-1.892	-1.466
-1.892	-1.460
-1.892	-1.461
-1.892	-1.463
-1.892	-1.470
-1.892	-1.454
-1.892	-1.454
-1.892	-1.450
-1.892	-1.457
-1.892	-1.463
-1.891	-1.457
-1.891	-1.467
-1.891	-1.451
-1.891	-1.460
-1.891	-1.463
-1.891	-1.470
-1.891	-1.458
-1.891	-1.461
-1.891	-1.462
-1.891	-1.454
-1.891	-1.470
-1.891	-1.458
-1.891	-1.466
-1.891	-1.463
-1.891	-1.456
-1.891	-1.477
-1.891	-1.461
-1.859	-1.459
-1.859	-1.462
-1.859	-1.465
-1.859	-1.467
-1.859	-1.467
-1.859	-1.461
-1.859	-1.474
-1.859	-1.481
-1.859	-1.585
-1.859	-1.328
-1.859	-1.403
-1.859	-1.439
-1.859	-1.445
-1.859	-1.459
-1.859	-1.456
-1.802	-1.462
-1.802	-1.452
-1.802	-1.462
-1.802	-1.464
-1.802	-1.466
-1.802	-1.466
-1.802	-1.473
-1.802	-1.487
-1.802	-1.479
-1.802	-1.501
-1.802	-1.497
-1.802	-1.514
-1.802	-1.514
-1.802	-1.508
-1.802	-1.524
-1.802	-1.543
-1.802	-1.541
-1.674	-1.559
-1.674	-1.569
-1.674	-1.573
-1.674	-1.586
-1.674	-1.574
-1.674	-1.548
-1.674	-1.487
-1.674	-1.759
-1.674	-1.655
-1.674	-1.659
-1.674	-1.675
-1.674	-1.674
-1.674	-1.689
-1.674	-1.695
-1.674	-1.715
-1.453	-1.719
-1.453	-1.727
-1.453	-1.745
-1.453	-1.761
-1.453	-1.753
-1.453	-1.757
-1.453	-1.767
-1.453	-1.776
-1.453	-1.784
-1.453	-1.781
-1.453	-1.795
-1.453	-1.809
-1.453	-1.822
-1.453	-1.820
-1.453	-1.844
-1.453	-1.833
-1.453	-1.855
-1.277	-1.858
-1.277	-1.862
-1.277	-1.872
-1.277	-1.871
-1.277	-1.880
-1.277	-1.892
-1.277	-1.900
-1.277	-1.909
-1.277	-1.918
-1.277	-1.927
-1.277	-1.931
-1.277	-1.947
-1.277	-1.952
-1.277	-1.962
-1.096	-1.969
-1.096	-1.974
-1.096	-1.975
-1.096	-1.984
-1.096	-1.999
-1.096	-2.144
-1.096	-1.796
-1.096	-1.891
-1.096	-1.940
-1.096	-1.958
-1.096	-1.978
-1.096	-1.990
-1.096	-2.003
-1.096	-1.983
-1.096	-1.995
-1.096	-1.983
-1.096	-2.002
-1.096	-1.991
-0.995	-1.995
-0.995	-2.002
-0.995	-2.008
-0.995	-2.004
-0.995	-2.005
-0.995	-2.015
-0.995	-2.012
-0.995	-2.014
-0.995	-2.018
-0.995	-2.024
-0.995	-2.031
-0.995	-2.027
-0.995	-2.032
-0.995	-2.017
-0.995	-2.020
-0.995	-2.012
-0.995	-1.964
-0.995	-1.878
-0.995	-2.223
-0.995	-2.094
-0.995	-2.094
-0.995	-2.097
-0.995	-2.083
-0.995	-2.085
-0.995	-2.080
-0.995	-2.095
-0.995	-2.079
-0.995	-2.073
-0.995	-2.069
-0.995	-2.081
-0.995	-2.076
-0.995	-2.081
-0.996	-2.072
-0.996	-2.077
-0.996	-2.085
-0.996	-2.073
-0.996	-2.099
-0.996	-2.096
-0.996	-2.106
-0.996	-2.099
-0.996	-2.092
-0.996	-2.103
-0.996	-2.098
-0.996	-2.116
-0.996	-2.119
-0.996	-2.115
-0.996	-2.276
-0.941	-1.898
-0.941	-2.002
-0.941	-2.056
-0.941	-2.088
-0.941	-2.100
-0.941	-2.107
-0.941	-2.113
-0.941	-2.121
-0.941	-2.122
-0.941	-2.142
-0.941	-2.297
-0.941	-1.913
-0.941	-2.183
-0.941	-1.841
-0.941	-1.974
-0.941	-2.045
-0.941	-2.075
-0.941	-2.090
-0.696	-2.104
-0.696	-2.091
-0.696	-2.110
-0.696	-2.118
-0.696	-2.120
-0.696	-2.141
-0.696	-2.151
-0.696	-2.323
-0.696	-1.901
-0.696	-2.008
-0.696	-2.023
-0.696	-1.948
-0.696	-2.352
-0.696	-2.226
-0.696	-2.233
-0.696	-2.242
-0.508	-2.250
-0.508	-2.265
-0.508	-2.277
-0.508	-2.275
-0.508	-2.272
-0.508	-2.218
-0.508	-2.121
-0.508	-2.487
-0.508	-2.227
-0.508	-2.645
-0.508	-2.498
-0.508	-2.699
-0.508	-2.252
-0.508	-2.379
-0.508	-2.452
-0.508	-2.486
-0.508	-2.515
-0.508	-2.515
-0.311	-2.536
-0.311	-2.514
-0.311	-2.467
-0.311	-2.364
-0.311	-2.804
-0.311	-2.645
-0.311	-2.660
-0.311	-2.674
-0.311	-2.682
-0.311	-2.684
-0.311	-2.693
-0.311	-2.720
-0.311	-2.732
-0.311	-2.730
-0.047	-2.737
-0.047	-2.935
-0.047	-2.459
-0.047	-2.612
-0.047	-2.664
-0.047	-2.692
-0.047	-2.712
-0.047	-2.698
-0.047	-2.643
-0.047	-2.509
-0.047	-2.980
-0.047	-2.807
-0.047	-2.793
-0.047	-2.813
-0.047	-2.797
-0.047	-2.807
-0.047	-2.804
0.021	-2.810
0.021	-2.819
0.021	-2.825
0.021	-2.813
0.021	-2.820
0.021	-2.825
0.021	-2.826
0.021	-2.826
0.021	-2.832
0.021	-2.835
0.021	-2.817
0.021	-2.814
0.021	-2.806
0.021	-2.745
0.021	-2.620
0.023	-3.109
0.023	-3.101
0.023	-2.626
0.023	-2.745
0.023	-2.801
0.023	-2.808
0.023	-2.824
0.023	-2.830
0.023	-2.819
0.023	-2.823
0.023	-2.824
0.023	-2.810
0.023	-2.814
0.023	-2.810
0.023	-2.804
0.023	-2.807
0.023	-2.811
0.021	-2.805
0.021	-2.821
0.021	-2.825
0.021	-2.824
0.021	-2.829
0.021	-2.843
0.021	-2.843
0.021	-2.848
0.021	-3.060
0.021	-2.555
0.021	-2.686
0.021	-2.748
0.021	-2.756
0.021	-2.713
0.021	-2.601
0.021	-3.087
0.119	-2.911
0.119	-2.916
0.119	-2.929
0.119	-2.929
0.119	-2.934
0.119	-2.939
0.119	-2.945
0.119	-2.961
0.119	-2.974
0.119	-2.984
0.119	-3.006
0.119	-3.020
0.119	-3.024
0.119	-3.043
0.119	-8.785
0.119	5.952
0.119	1.842
0.333	0.682
0.333	-0.387
0.333	-0.360
0.333	-0.013
0.333	-0.132
0.333	-0.029
0.333	-0.727
0.333	0.090
0.333	0.014
0.333	0.002
0.333	0.030
0.333	0.053
0.333	0.050
0.333	0.060
0.333	0.044
0.333	0.005
0.488	-0.047
0.488	-0.105
0.488	-0.204
0.488	-0.301
0.488	-0.390
0.488	-0.469
0.488	-0.542
0.488	-0.507
0.488	-0.287
0.488	0.403
0.488	2.097
0.488	5.978
0.488	-8.689
0.488	-2.799
0.488	-3.280
0.488	-2.864
0.488	-3.283
0.661	-3.624
0.661	-3.403
0.661	-3.340
0.661	-3.195
0.661	-3.769
0.661	-3.569
0.661	-3.578
0.661	-3.588
0.661	-3.608
0.661	-3.611
0.661	-3.870
0.661	-3.245
0.661	-3.422
0.661	-3.504
0.661	-3.544
0.829	-3.560
0.829	-3.569
0.829	-3.580
0.829	-3.604
0.829	-3.611
0.829	-3.616
0.829	-3.622
0.829	-3.633
0.829	-3.638
0.829	-3.650
0.829	-3.671
0.829	-3.674
0.829	-3.687
0.829	-3.703
0.829	-3.712
0.829	-3.728
0.829	-3.731
1.004	-3.749
1.004	-4.029
1.004	-3.382
1.004	-3.545
1.004	-3.629
1.004	-3.659
1.004	-3.646
1.004	-3.589
1.004	-3.439
1.004	-4.056
1.004	-3.810
1.004	-3.813
1.004	-3.824
1.004	-3.823
1.004	-3.825
1.140	-3.829
1.140	-3.817
1.140	-3.829
1.140	-3.832
1.140	-3.822
1.140	-3.831
1.140	-3.847
1.140	-3.840
1.140	-4.103
1.140	-3.446
1.140	-3.624
1.140	-3.695
1.140	-3.719
1.140	-3.720
1.140	-3.689
1.140	-3.612
1.106	-3.428
1.106	-4.080
1.106	-3.836
1.106	-3.820
1.106	-3.830
1.106	-3.826
1.106	-3.812
1.106	-3.811
1.106	-3.828
1.106	-3.812
1.106	-3.808
1.106	-3.815
1.106	-3.817
1.106	-3.819
1.106	-3.821
1.106	-3.839
1.106	-3.828
1.108	-3.840
1.108	-3.846
1.108	-3.820
1.108	-3.795
1.108	-3.727
1.108	-3.564
1.108	-4.220
1.108	-3.964
1.108	-4.245
1.108	-3.569
1.108	-3.752
1.108	-3.831
1.108	-4.137
1.108	-3.462
1.108	-3.664
1.108	-3.752
1.161	-3.786
1.161	-3.795
1.161	-3.803
1.161	-3.806
1.161	-3.800
1.161	-3.808
1.161	-3.826
1.161	-3.836
1.161	-3.842
1.161	-3.853
1.161	-3.870
1.161	-4.163
1.161	-3.446
1.161	-3.664
1.161	-3.757
1.161	-3.815
1.161	-3.856
1.161	-3.864
1.370	-3.877
1.370	-3.866
1.370	-3.858
1.370	-3.794
1.370	-3.609
1.370	-4.287
1.370	-3.992
1.370	-3.944
1.370	-3.775
1.370	-4.487
1.370	-4.212
1.370	-4.224
1.370	-4.258
1.370	-4.270
1.370	-4.289
1.570	-4.308
1.570	-4.320
1.570	-4.337
1.570	-4.356
1.570	-4.367
1.570	-4.360
1.570	-4.342
1.570	-4.266
1.570	-4.087
1.570	-4.822
1.570	-4.551
1.570	-4.560
1.570	-4.568
1.570	-4.583
1.570	-4.595
1.570	-4.607
1.570	-4.616
1.773	-4.625
1.773	-4.625
1.773	-4.648
1.773	-4.663
1.773	-4.672
1.773	-4.676
1.773	-4.681
1.773	-4.681
1.773	-4.691
1.773	-4.710
1.773	-4.701
1.773	-4.721
1.773	-4.719
1.773	-4.741
1.773	-4.744
1.863	-5.050
1.863	-4.250
1.863	-4.479
1.863	-4.563
1.863	-4.606
1.863	-4.627
1.863	-4.951
1.863	-4.147
1.863	-4.358
1.863	-4.456
1.863	-4.502
1.863	-4.515
1.863	-4.533
1.863	-4.524
1.863	-4.530
1.863	-4.531
1.863	-4.525
1.863	-4.539
1.941	-4.527
1.941	-4.544
1.941	-4.540
1.941	-4.556
1.941	-4.576
1.941	-4.584
1.941	-4.588
1.941	-4.614
1.941	-4.608
1.941	-4.613
1.941	-4.569
1.941	-4.487
1.941	-4.297
1.941	-5.095
1.941	-4.780
2.028	-5.103
2.028	-4.242
2.028	-4.374
2.028	-4.254
2.028	-5.107
2.028	-4.815
2.028	-4.817
2.028	-4.813
2.028	-4.812
2.028	-4.791
2.028	-4.807
2.028	-4.797
2.028	-4.788
2.028	-4.794
2.028	-4.787
2.028	-4.796
2.028	-4.788
2.029	-4.792
2.029	-4.783
2.029	-4.793
2.029	-4.807
2.029	-4.791
2.029	-4.798
2.029	-4.806
2.029	-4.798
2.029	-4.802
2.029	-4.804
2.029	-4.781
2.029	-4.742
2.029	-4.651
2.029	-4.439
2.029	-5.251
2.000	-4.938
2.000	-4.942
2.000	-4.930
2.000	-4.927
2.000	-4.932
2.000	-4.921
2.000	-4.928
2.000	-4.925
2.000	-4.918
2.000	-4.925
2.000	-4.912
2.000	-4.922
2.000	-4.918
2.000	-4.928
2.000	-4.917
2.000	-4.921
2.000	-4.927
1.999	-4.907
1.999	-4.908
1.999	-4.918
1.999	-4.910
1.999	-4.909
1.999	-4.917
1.999	-4.929
1.999	-4.940
1.999	-4.939
1.999	-4.946
1.999	-4.942
1.999	-4.949
1.999	-4.952
1.999	-4.943
1.999	-4.959
2.060	-4.965
2.060	-5.306
2.060	-4.458
2.060	-4.696
2.060	-4.802
2.060	-4.862
2.060	-4.868
2.060	-4.894
2.060	-4.906
2.060	-4.910
2.060	-4.904
2.060	-4.906
2.060	-4.913
2.060	-4.916
2.060	-4.925
2.060	-4.932
2.060	-5.293
2.060	-4.771
2.060	-4.135
2.184	-4.828
2.184	-4.102
2.184	-4.399
2.184	-4.521
2.184	-4.583
2.184	-4.606
2.184	-4.606
2.184	-4.600
2.184	-4.604
2.184	-4.586
2.184	-4.548
2.184	-4.459
2.184	-4.235
2.184	-5.085
2.184	-5.120
2.293	-4.218
2.293	-4.478
2.293	-4.603
2.293	-5.007
2.293	-4.143
2.293	-4.402
2.293	-4.521
2.293	-4.589
2.293	-4.605
2.293	-4.602
2.293	-4.548
2.293	-4.423
2.293	-4.054
2.293	-4.669
2.293	-5.112
2.293	-4.531
2.293	-5.429
2.293	-5.078
2.405	-5.089
2.405	-5.113
2.405	-5.116
2.405	-5.126
2.405	-5.158
2.405	-5.168
2.405	-5.185
2.405	-5.190
2.405	-5.176
2.405	-5.155
2.405	-5.067
2.405	-4.818
2.405	-5.719
2.405	-5.325
2.405	-5.230
2.530	-5.004
2.530	-5.917
2.530	-5.565
2.530	-5.577
2.530	-5.576
2.530	-5.597
2.530	-5.592
2.530	-5.608
2.530	-5.973
2.530	-5.044
2.530	-5.286
2.530	-5.775
2.530	-4.880
2.530	-5.140
2.530	-5.654
2.530	-5.113
2.530	-4.415
2.530	-4.785
2.530	-4.955
2.596	-5.011
2.596	-5.026
2.596	-5.031
2.596	-5.020
2.596	-5.404
2.596	-4.792
2.596	-4.452
2.596	-4.228
2.596	-4.049
2.596	-3.508
2.596	-4.353
2.596	-3.929
2.596	-3.281
2.596	-3.684
2.596	-4.245
2.596	-3.693
2.596	-2.963
2.596	-3.684
2.596	-2.721
2.596	-2.775
2.713	-3.819
2.713	-3.380
2.713	-3.500
2.713	-3.392
2.713	-3.528
2.713	-2.665
2.713	-3.085
2.713	-3.475
2.713	-2.950
2.713	-2.800
2.713	-2.259
2.713	-2.723
2.713	-3.222
2.713	-2.121
2.713	-1.960
2.713	-3.008
2.713	-2.616
2.713	-2.094
2.713	-3.141
2.713	-3.128
2.713	-1.687
2.713	-3.170
2.713	-2.881
2.713	-3.038
2.713	-2.171
2.815	-2.564
2.815	-2.847
2.815	-2.029
2.815	-2.860
2.815	-2.300
2.815	-1.695
2.815	-2.008
2.815	-1.858
2.815	-3.123
2.815	-1.678
2.815	-1.872
2.815	-1.407
2.815	-2.389
2.815	-2.183
2.815	-2.235
2.815	-2.590
2.815	-1.512
2.815	-2.060
2.815	-2.570
2.815	-1.746
2.815	-1.138
2.815	-1.630
2.815	-1.909
2.815	-0.962
2.815	-1.484
2.815	-1.404
2.815	-1.514
2.815	-1.502
2.815	-0.996
2.815	-2.046
2.815	-1.640
2.815	-1.467
2.815	-1.417
2.815	-1.464
2.815	-1.642
2.815	-2.071
2.815	-1.464
2.815	-0.740
2.815	-1.145
2.815	-1.326
2.815	-1.330
2.815	-1.162
2.815	-1.143
2.815	-1.282
2.815	-1.215
2.815	-0.900
2.815	-2.116
2.815	-0.860
2.815	-1.125
2.815	-1.072
2.815	-1.051
2.815	-1.048
2.815	-1.065
2.815	-0.735
2.817	-1.871
2.817	-1.940
2.817	-0.998
2.817	-1.326
2.817	-1.175
2.817	-1.300
2.817	-0.917
2.817	-1.363
2.817	-2.018
2.817	-1.237
2.817	-1.701
2.817	-2.430
2.817	-1.756
2.817	-2.484
2.817	-2.203
2.817	-1.853
2.817	-2.439
2.817	-3.401
2.815	-2.047
2.815	-2.327
2.815	-2.391
2.815	-2.250
2.815	-1.894
2.815	-2.650
2.815	-2.886
2.815	-3.484
2.815	-3.046
2.815	-2.897
2.815	-2.931
2.815	-3.167
2.815	-1.784
2.815	-2.858
2.815	-3.777
2.815	-3.782
2.815	-2.945
2.815	-2.023
2.815	-3.813
2.815	-2.453
2.815	-2.937
2.815	-3.394
2.815	-2.581
2.815	-2.078
2.815	-2.853
2.934	-2.163
2.934	-1.703
2.934	-2.066
2.934	-2.353
2.934	-1.461
2.934	-1.751
2.934	-1.359
2.934	-2.167
2.934	-2.974
2.934	-3.042
2.934	-2.339
2.934	-1.796
2.934	-1.085
2.934	-1.462
2.934	-1.483
2.934	-1.555
2.934	-1.730
2.934	-2.126
2.934	-1.384
2.934	-0.784
2.934	-1.243
2.934	-1.383
2.934	-1.704
2.934	-0.779
2.934	-1.448
2.934	-0.398
3.085	-0.786
3.085	-0.770
3.085	-0.757
3.085	-0.758
3.085	-0.792
3.085	-0.899
3.085	-0.748
3.085	-0.803
3.085	-0.995
3.085	-1.060
3.085	-1.037
3.085	-1.444
3.085	-0.788
3.085	-0.028
3.085	0.034
3.085	-1.042
3.085	-0.758
3.085	-0.642
3.085	-0.599
3.085	-0.590
3.085	-0.166
3.085	-1.279
3.085	-0.572
3.085	-1.552
3.085	-1.215
3.085	-1.074
3.085	-1.018
3.085	-1.000
3.085	-0.996
3.085	-0.997
3.085	-0.998
3.218	-1.000
3.218	-1.006
3.218	-1.024
3.218	-1.073
3.218	-1.193
3.218	-1.052
3.218	-1.077
3.218	-1.254
3.218	-1.244
3.218	-1.473
3.218	-0.382
3.218	-0.841
3.218	-0.958
3.218	-1.239
3.218	-0.146
3.218	-0.573
3.218	-0.594
3.218	-0.655
3.218	-0.803
3.218	-1.148
3.218	-0.173
3.218	-0.890
3.218	0.209
3.218	-0.216
3.218	-0.212
3.218	-0.207
3.218	-0.202
3.218	-0.196
3.218	-0.190
3.319	-0.185
3.319	-0.181
3.319	-0.185
3.319	-0.203
3.319	-0.256
3.319	-0.382
3.319	-0.670
3.319	0.426
3.319	0.000
3.319	0.000
3.319	0.000
3.319	0.000
3.319	0.435
3.319	-0.685
3.319	-0.390
3.319	-0.261
3.319	-0.208
3.319	-0.189
3.319	-0.186
3.319	-0.189
3.319	-0.195
3.319	-0.200
3.319	-0.206
3.319	0.226
3.319	-0.466
3.319	-1.305
3.319	-0.880
3.319	-0.696
3.319	-0.623
3.319	-0.600
3.374	-0.598
3.374	-0.604
3.374	-0.610
3.374	-0.616
3.374	-0.622
3.374	-0.627
3.374	-0.630
3.374	-0.632
3.374	-0.638
3.374	-0.658
3.374	-0.711
3.374	-0.837
3.374	-1.126
3.374	0.444
3.374	-1.116
3.374	-0.805
3.374	-0.663
3.374	-0.597
3.374	-0.569
3.374	-0.565
3.374	-0.591
3.374	-0.670
3.374	-0.417
3.374	-1.543
3.374	-1.569
3.374	-0.446
3.374	-0.703
3.374	-0.631
3.455	-0.609
3.455	-0.609
3.455	-0.618
3.455	-0.627
3.455	-0.635
3.455	-0.642
3.455	-0.647
3.455	-0.650
3.455	-0.193
3.455	-0.913
3.455	-1.767
3.455	-1.327
3.455	-1.153
3.455	-1.126
3.455	-0.775
3.455	-2.222
3.455	-0.779
3.455	-1.087
3.455	-1.032
3.455	-1.016
3.455	-1.023
3.455	-1.058
3.455	-0.692
3.455	-1.597
3.455	-2.893
3.455	-1.620
3.455	-0.728
3.455	-1.097
3.455	-1.067
3.455	-0.603
3.539	-1.317
3.539	-1.716
3.539	-2.444
3.539	-1.946
3.539	-1.291
3.539	-2.397
3.539	-2.148
3.539	-2.208
3.539	-2.607
3.539	-1.733
3.539	-1.038
3.539	-1.526
3.539	-1.593
3.539	-1.732
3.539	-1.589
3.539	-1.582
3.539	-1.272
3.539	-2.289
3.539	-1.924
3.539	-1.328
3.539	-2.504
3.539	-2.351
3.601	-2.184
3.601	-2.425
3.601	-1.379
3.601	-1.239
3.601	-1.930
3.601	-2.849
3.601	-2.174
3.601	-3.652
3.601	-2.561
3.601	-2.034
3.601	-1.324
3.601	-1.905
3.601	-1.766
3.601	-1.778
3.601	-1.475
3.601	-2.518
3.601	-2.154
3.601	-1.995
3.601	-1.933
3.601	-1.928
3.601	-1.978
3.601	-2.127
3.601	-2.483
3.601	-1.460
3.601	-2.227
3.601	-1.114
3.601	-1.693
3.601	-2.009
3.601	-0.427
3.601	-2.166
3.601	-1.734
3.601	-1.212
3.601	-2.196
3.601	-2.900
3.601	-2.748
3.601	-1.655
3.601	-2.190
3.601	-0.952
3.601	-1.392
3.601	-1.426
3.601	-1.511
3.601	-1.692
3.601	-2.079
3.601	-1.075
3.601	-1.851
3.601	-0.689
3.601	-1.149
3.601	-0.699
3.601	-1.848
3.601	-1.531
3.601	-1.380
3.601	-0.852
3.603	-1.965
3.603	-1.630
3.603	-1.480
3.603	-1.428
3.603	-1.458
3.603	-1.607
3.603	-1.995
3.603	-1.063
3.603	-2.034
3.603	-0.930
3.603	-1.825
3.603	-1.118
3.603	0.181
3.603	-1.389
3.603	-1.058
3.603	-0.915
3.603	-0.855
3.603	-0.379
3.603	-1.541
3.603	-1.232
3.603	-1.100
3.603	-1.052
3.603	-0.596
3.603	-1.374
3.603	-2.386
3.603	-2.255
3.603	-0.473
3.603	-2.088
3.601	-1.890
3.601	-2.058
3.601	-0.848
3.601	-1.282
3.601	-1.281
3.601	-1.285
3.601	-1.292
3.601	-0.836
3.601	-2.058
3.601	-1.798
3.601	-1.796
3.601	-1.593
3.601	-1.666
3.601	-1.920
3.601	-2.082
3.601	-0.849
3.601	-0.833
3.601	-1.602
3.601	-2.612
3.601	-2.463
3.601	-1.104
3.601	-1.506
3.601	-1.093
3.601	-2.490
3.656	-2.638
3.656	-1.659
3.656	-0.943
3.656	-1.526
3.656	-1.372
3.656	-0.926
3.656	-1.810
3.656	-2.085
3.656	-2.307
3.656	-2.979
3.656	-1.989
3.656	-2.562
3.656	-3.039
3.656	-3.631
3.656	-3.157
3.656	-3.156
3.656	-2.610
3.656	-3.608
3.656	-3.323
3.656	-2.896
3.656	-4.024
3.656	-3.841
3.656	-4.146
3.725	-3.223
3.725	-2.014
3.725	-3.247
3.725	-3.727
3.725	-4.156
3.725	-4.686
3.725	-4.153
3.725	-4.051
3.725	-3.828
3.725	-3.329
3.725	-4.267
3.725	-5.710
3.725	-4.092
3.725	-4.431
3.725	-5.023
3.725	-4.191
3.725	-2.994
3.725	-4.680
3.861	-4.888
3.861	-3.652
3.861	-3.817
3.861	-4.014
3.861	-4.194
3.861	-4.467
3.861	-3.539
3.861	-2.892
3.861	-3.681
3.861	-1.977
3.861	-3.245
3.861	-3.759
3.861	-4.275
3.861	-5.074
3.861	-5.080
3.861	-4.274
3.861	-3.727
3.861	-3.207
3.861	-2.443
3.861	-2.998
3.861	-2.712
3.861	-4.000
3.861	-4.114
3.861	-2.576
3.861	-4.109
3.934	-3.587
3.934	-3.166
3.934	-4.599
3.934	-4.027
3.934	-3.748
3.934	-4.052
3.934	-3.993
3.934	-4.155
3.934	-2.953
3.934	-2.772
3.934	-4.007
3.934	-3.188
3.934	-4.431
3.934	-3.777
3.934	-4.979
3.934	-4.687
3.934	-4.752
3.934	-4.688
4.074	-4.952
4.074	-3.086
4.074	-4.638
4.074	-3.686
4.074	-4.338
4.074	-4.807
4.074	-5.816
4.074	-5.256
4.074	-4.980
4.074	-4.810
4.074	-6.177
4.074	-6.212
4.074	-4.846
4.074	-5.063
4.074	-4.872
4.074	-6.177
4.074	-5.529
4.074	-5.638
4.074	-5.394
4.198	-4.729
4.198	-6.294
4.198	-5.650
4.198	-5.146
4.198	-6.467
4.198	-5.706
4.198	-7.035
4.198	-6.547
4.198	-7.044
4.198	-6.165
4.198	-5.013
4.198	-5.639
4.198	-5.675
4.198	-5.800
4.198	-5.930
4.198	-5.790
4.198	-5.810
4.198	-5.542
4.286	-6.876
4.286	-6.345
4.286	-6.279
4.286	-6.121
4.286	-5.774
4.286	-7.634
4.286	-5.753
4.286	-6.093
4.286	-6.192
4.286	-6.122
4.286	-5.785
4.286	-7.071
4.286	-6.427
4.286	-6.110
4.286	-7.466
4.286	-6.965
4.286	-7.500
4.286	-6.125
4.398	-6.407
4.398	-6.351
4.398	-5.897
4.398	-6.846
4.398	-7.498
4.398	-6.557
4.398	-7.758
4.398	-6.873
4.398	-8.225
4.398	-7.707
4.398	-7.714
4.398	-7.719
4.398	-8.249
4.398	-6.882
4.398	-7.216
4.398	-7.305
4.399	-7.217
4.399	-7.409
4.399	-7.425
4.399	-7.784
4.399	-6.579
4.399	-6.994
4.399	-7.184
4.399	-7.253
4.399	-7.263
4.399	-7.220
4.399	-7.140
4.399	-6.967
4.399	-6.591
4.399	-7.951
4.399	-7.425
4.399	-7.407
4.399	-7.409
4.399	-7.408
4.401	-7.410
4.401	-7.432
4.401	-7.431
4.401	-7.435
4.401	-7.444
4.401	-7.428
4.401	-7.389
4.401	-7.240
4.401	-6.892
4.401	-8.258
4.401	-8.241
4.401	-6.805
4.401	-6.987
4.401	-6.715
4.401	-7.991
4.401	-7.128
4.401	-8.493
4.399	-7.966
4.399	-8.481
4.399	-7.108
4.399	-7.458
4.399	-7.618
4.399	-7.678
4.399	-7.702
4.399	-7.725
4.399	-7.702
4.399	-7.703
4.399	-7.699
4.399	-7.699
4.399	-7.703
4.399	-7.714
4.399	-7.719
4.399	-8.275
4.399	-6.900
4.399	-7.281
4.450	-7.455
4.450	-7.529
4.450	-7.540
4.450	-7.499
4.450	-7.349
4.450	-7.005
4.450	-8.375
4.450	-7.861
4.450	-7.867
4.450	-7.862
4.450	-7.851
4.450	-7.800
4.450	-7.647
4.450	-7.306
4.450	-8.692
4.573	-8.173
4.573	-8.196
4.573	-8.221
4.573	-8.241
4.573	-8.820
4.573	-7.399
4.573	-7.784
4.573	-7.973
4.573	-8.053
4.573	-8.065
4.573	-8.021
4.573	-7.857
4.573	-7.503
4.573	-8.910
4.573	-8.375
4.573	-8.376
4.573	-8.387
4.741	-8.395
4.741	-8.400
4.741	-8.419
4.741	-8.421
4.741	-8.435
4.741	-8.451
4.741	-8.485
4.741	-8.493
4.741	-8.514
4.741	-8.527
4.741	-9.137
4.741	-7.658
4.741	-8.067
4.741	-8.255
4.741	-8.302
4.831	-8.854
4.831	-7.198
4.831	-7.210
4.831	-8.834
4.831	-8.355
4.831	-8.384
4.831	-8.384
4.831	-8.380
4.831	-8.389
4.831	-8.394
4.831	-8.385
4.831	-8.383
4.831	-8.389
4.831	-8.399
4.831	-8.409
4.831	-8.421
4.831	-8.446
4.831	-8.452
4.987	-8.479
4.987	-8.483
4.987	-8.511
4.987	-8.513
4.987	-8.521
4.987	-8.457
4.987	-8.303
4.987	-7.924
4.987	-9.418
4.987	-8.810
4.987	-9.337
4.987	-7.652
4.987	-7.663
4.987	-9.343
4.987	-8.836
4.987	-8.864
5.072	-8.876
5.072	-8.873
5.072	-8.885
5.072	-8.875
5.072	-8.859
5.072	-8.860
5.072	-8.856
5.072	-8.862
5.072	-8.869
5.072	-8.863
5.072	-8.864
5.072	-8.868
5.072	-8.874
5.072	-8.881
5.072	-8.897
5.072	-8.920
5.072	-8.930
5.109	-8.929
5.109	-8.933
5.109	-8.940
5.109	-8.940
5.109	-8.901
5.109	-8.841
5.109	-8.669
5.109	-8.266
5.109	-9.799
5.109	-9.202
