4.697	0.118
-7.532	-0.063
-7.532	-0.174
-7.532	-0.247
-7.532	-0.440
-7.532	-0.175
-7.532	-0.310
-7.532	-0.397
-7.532	-0.464
-7.532	-0.513
-7.533	-0.576
-7.533	-0.636
-7.533	-0.689
-7.533	-0.754
-7.533	-0.822
-7.533	-0.867
-7.533	-0.920
-7.533	-0.987
-7.533	-1.053
-7.533	-1.118
-7.533	-1.173
-7.533	-1.223
-7.533	-1.288
-7.533	-1.332
-7.533	-1.394
-7.533	-1.447
-7.533	-1.499
-7.532	-1.565
-7.532	-1.634
-7.532	-1.750
-7.532	-1.934
-7.532	-1.811
-7.532	-1.802
-7.532	-1.764
-7.532	-1.673
-7.532	-1.981
-7.532	-1.859
-7.532	-1.869
-7.532	-1.867
-7.532	-1.870
-7.532	-1.857
-7.532	-1.864
-7.532	-1.875
-7.532	-1.863
-7.532	-1.856
-7.530	-1.873
-7.530	-1.883
-7.530	-1.873
-7.530	-1.865
-7.530	-1.864
-7.530	-1.865
-7.530	-1.868
-7.530	-1.866
-7.530	-1.878
-7.530	-1.862
-7.530	-1.867
-7.530	-1.877
-7.530	-1.864
-7.530	-1.863
-7.530	-1.863
-7.529	-1.867
-7.529	-1.871
-7.529	-1.858
-7.529	-1.855
-7.529	-1.857
-7.529	-1.867
-7.529	-1.859
-7.529	-1.858
-7.529	-1.870
-7.529	-1.881
-7.529	-1.881
-7.529	-1.878
-7.529	-1.871
-7.529	-1.880
-7.529	-1.879
-7.529	-1.887
-7.529	-1.889
-7.427	-1.901
-7.427	-1.906
-7.427	-1.904
-7.427	-1.912
-7.427	-1.916
-7.427	-1.913
-7.427	-1.922
-7.427	-1.928
-7.427	-1.920
-7.427	-1.928
-7.427	-1.928
-7.427	-1.951
-7.427	-1.950
-7.427	-1.947
-7.427	-1.957
-7.192	-1.965
-7.192	-1.979
-7.192	-1.976
-7.192	-1.991
-7.192	-2.008
-7.192	-1.990
-7.192	-1.989
-7.192	-1.984
-7.192	-1.990
-7.192	-2.001
-7.192	-2.014
-7.192	-2.017
-7.192	-2.028
-7.192	-2.024
-7.192	-2.019
-7.192	-2.004
-7.192	-2.007
-6.754	-2.017
-6.754	-2.016
-6.754	-2.027
-6.754	-2.024
-6.754	-2.027
-6.754	-2.023
-6.754	-2.024
-6.754	-2.023
-6.754	-2.023
-6.754	-2.013
-6.754	-2.015
-6.754	-2.021
-6.754	-2.012
-6.754	-2.020
-6.754	-2.002
-6.714	-2.143
-6.714	-1.798
-6.714	-1.870
-6.714	-1.928
-6.714	-1.937
-6.714	-1.941
-6.714	-1.951
-6.714	-1.931
-6.714	-2.057
-6.714	-1.720
-6.714	-1.799
-6.714	-1.849
-6.714	-1.868
-6.714	-1.884
-6.714	-1.878
-6.714	-1.871
-6.714	-1.860
-6.714	-1.855
-6.790	-1.863
-6.790	-1.870
-6.790	-2.017
-6.790	-1.673
-6.790	-1.763
-6.790	-1.821
-6.790	-1.816
-6.790	-1.831
-6.790	-1.844
-6.790	-1.833
-6.790	-1.819
-6.790	-1.795
-6.790	-1.703
-6.790	-2.164
-6.790	-1.695
-6.790	-1.788
-6.545	-1.835
-6.545	-1.859
-6.545	-1.853
-6.545	-1.818
-6.545	-1.726
-6.545	-2.059
-6.545	-1.937
-6.545	-1.926
-6.545	-1.923
-6.545	-1.933
-6.545	-1.939
-6.545	-1.939
-6.545	-1.950
-6.545	-1.946
-6.545	-1.935
-6.545	-1.871
-6.545	-1.782
-6.278	-2.129
-6.278	-2.000
-6.278	-1.986
-6.278	-2.001
-6.278	-2.002
-6.278	-2.000
-6.278	-1.997
-6.278	-1.985
-6.278	-1.979
-6.278	-1.943
-6.278	-1.850
-6.278	-2.189
-6.278	-2.047
-6.278	-2.051
-6.278	-2.044
-6.128	-2.037
-6.128	-2.035
-6.128	-2.043
-6.128	-2.049
-6.128	-2.043
-6.128	-2.036
-6.128	-2.044
-6.128	-2.027
-6.128	-2.026
-6.128	-2.033
-6.128	-2.025
-6.128	-2.019
-6.128	-2.002
-6.128	-2.023
-6.128	-2.025
-6.130	-2.022
-6.130	-2.009
-6.130	-2.018
-6.130	-2.016
-6.130	-1.999
-6.130	-2.006
-6.130	-2.023
-6.130	-2.018
-6.130	-2.023
-6.130	-2.009
-6.130	-2.011
-6.130	-2.019
-6.130	-2.018
-6.130	-2.016
-6.130	-2.029
-6.130	-2.024
-6.130	-2.032
-6.128	-2.013
-6.128	-2.013
-6.128	-2.022
-6.128	-2.030
-6.128	-2.034
-6.128	-2.040
-6.128	-2.037
-6.128	-2.040
-6.128	-2.063
-6.128	-2.056
-6.128	-2.072
-6.128	-2.061
-6.128	-2.067
-6.128	-2.063
-6.128	-2.081
-6.128	-2.086
-6.128	-2.104
-5.812	-2.106
-5.812	-2.109
-5.812	-2.108
-5.812	-2.112
-5.812	-2.236
-5.812	-1.898
-5.812	-1.994
-5.812	-2.046
-5.812	-2.071
-5.812	-2.062
-5.812	-2.057
-5.812	-2.069
-5.812	-2.069
-5.812	-2.076
-5.812	-2.085
-5.812	-2.077
-5.595	-2.078
-5.595	-2.069
-5.595	-2.078
-5.595	-2.081
-5.595	-2.081
-5.595	-2.078
-5.595	-2.081
-5.595	-2.079
-5.595	-2.081
-5.595	-2.073
-5.595	-2.089
-5.595	-2.079
-5.595	-2.097
-5.595	-2.076
-5.595	-2.082
-5.595	-2.069
-5.595	-2.051
-5.568	-2.014
-5.568	-1.910
-5.568	-2.260
-5.568	-2.143
-5.568	-2.126
-5.568	-2.123
-5.568	-2.137
-5.568	-2.271
-5.568	-1.905
-5.568	-2.017
-5.568	-2.067
-5.568	-2.069
-5.568	-2.085
-5.568	-2.100
-5.568	-2.098
-5.617	-2.091
-5.617	-2.110
-5.617	-2.094
-5.617	-2.097
-5.617	-2.119
-5.617	-2.121
-5.617	-2.124
-5.617	-2.137
-5.617	-2.141
-5.617	-2.147
-5.617	-2.141
-5.617	-2.165
-5.617	-2.170
-5.617	-2.176
-5.617	-2.189
-5.617	-2.197
-5.617	-2.229
-5.617	-2.234
-5.396	-2.237
-5.396	-2.243
-5.396	-2.231
-5.396	-2.193
-5.396	-2.123
-5.396	-2.495
-5.396	-2.351
-5.396	-2.355
-5.396	-2.390
-5.396	-2.380
-5.396	-2.378
-5.396	-2.406
-5.396	-2.412
-5.396	-2.397
-5.145	-2.420
-5.145	-2.419
-5.145	-2.415
-5.145	-2.425
-5.145	-2.430
-5.145	-2.590
-5.145	-2.185
-5.145	-2.293
-5.145	-2.355
-5.145	-2.368
-5.145	-2.373
-5.145	-2.386
-5.145	-2.384
-5.145	-2.385
-5.145	-2.362
-5.145	-2.378
-5.145	-2.365
-5.145	-2.375
-5.035	-2.381
-5.035	-2.383
-5.035	-2.371
-5.035	-2.370
-5.035	-2.382
-5.035	-2.378
-5.035	-2.365
-5.035	-2.376
-5.035	-2.368
-5.035	-2.360
-5.035	-2.357
-5.035	-2.365
-5.035	-2.363
-5.035	-2.368
-5.006	-2.355
-5.006	-2.343
-5.006	-2.308
-5.006	-2.187
-5.006	-2.597
-5.006	-2.454
-5.006	-2.437
-5.006	-2.452
-5.006	-2.464
-5.006	-2.463
-5.006	-2.472
-5.006	-2.470
-5.006	-2.487
-5.006	-2.475
-5.006	-2.493
-5.006	-2.499
-5.006	-2.502
-4.976	-2.506
-4.976	-2.520
-4.976	-2.533
-4.976	-2.521
-4.976	-2.552
-4.976	-2.556
-4.976	-2.564
-4.976	-2.569
-4.976	-2.578
-4.976	-2.595
-4.976	-2.607
-4.976	-2.615
-4.976	-2.632
-4.976	-2.637
-4.976	-2.644
-4.683	-2.644
-4.683	-2.671
-4.683	-2.672
-4.683	-2.669
-4.683	-2.693
-4.683	-2.689
-4.683	-2.693
-4.683	-2.701
-4.683	-2.703
-4.683	-2.717
-4.683	-2.721
-4.683	-2.728
-4.683	-2.713
-4.683	-2.721
-4.683	-2.737
-4.683	-2.744
-4.683	-2.742
-4.434	-2.735
-4.434	-2.750
-4.434	-2.721
-4.434	-2.729
-4.434	-2.737
-4.434	-2.740
-4.434	-2.736
-4.434	-2.740
-4.434	-2.914
-4.434	-2.459
-4.434	-2.573
-4.434	-2.634
-4.434	-2.658
-4.434	-2.653
-4.434	-2.661
-4.407	-2.667
-4.407	-2.653
-4.407	-2.629
-4.407	-2.640
-4.407	-2.632
-4.407	-2.633
-4.407	-2.624
-4.407	-2.624
-4.407	-2.632
-4.407	-2.648
-4.407	-2.652
-4.407	-2.657
-4.407	-2.661
-4.407	-2.659
-4.407	-2.653
-4.407	-2.685
-4.407	-2.690
-4.408	-2.711
-4.408	-2.709
-4.408	-2.715
-4.408	-2.708
-4.408	-2.708
-4.408	-2.665
-4.408	-2.554
-4.408	-3.026
-4.408	-2.841
-4.408	-2.854
-4.408	-2.862
-4.408	-2.890
-4.408	-2.880
-4.408	-2.893
-4.408	-2.914
-4.120	-2.942
-4.120	-2.940
-4.120	-2.967
-4.120	-2.965
-4.120	-2.989
-4.120	-2.991
-4.120	-3.006
-4.120	-3.009
-4.120	-3.025
-4.120	-3.225
-4.120	-2.712
-4.120	-2.863
-4.120	-2.939
-4.120	-2.959
-4.120	-2.974
-4.120	-3.182
-4.120	-2.670
-4.120	-2.809
-3.775	-2.880
-3.775	-2.887
-3.775	-2.900
-3.775	-2.891
-3.775	-2.896
-3.775	-2.901
-3.775	-2.901
-3.775	-2.896
-3.775	-2.895
-3.775	-2.888
-3.775	-2.891
-3.775	-3.091
-3.775	-2.576
-3.775	-2.725
-3.775	-2.765
-3.746	-2.816
-3.746	-2.809
-3.746	-2.816
-3.746	-2.798
-3.746	-2.783
-3.746	-2.713
-3.746	-2.569
-3.746	-3.092
-3.746	-2.890
-3.746	-2.867
-3.746	-2.831
-3.746	-2.780
-3.746	-2.653
-3.746	-3.168
-3.746	-2.958
-3.746	-2.955
-3.746	-2.978
-3.746	-2.972
-3.810	-2.993
-3.810	-2.992
-3.810	-3.013
-3.810	-3.012
-3.810	-3.015
-3.810	-3.004
-3.810	-3.011
-3.810	-2.946
-3.810	-2.828
-3.810	-3.336
-3.810	-3.150
-3.810	-3.173
-3.810	-3.149
-3.810	-3.176
-3.590	-3.183
-3.590	-3.205
-3.590	-3.196
-3.590	-3.224
-3.590	-3.241
-3.590	-3.237
-3.590	-3.255
-3.590	-3.280
-3.590	-3.306
-3.590	-3.303
-3.590	-3.527
-3.590	-2.970
-3.590	-3.135
-3.590	-3.210
-3.590	-3.241
-3.590	-3.277
-3.590	-3.274
-3.590	-3.290
-3.310	-3.290
-3.310	-3.307
-3.310	-3.302
-3.310	-3.310
-3.310	-3.301
-3.310	-3.310
-3.310	-3.313
-3.310	-3.325
-3.310	-3.323
-3.310	-3.321
-3.310	-3.331
-3.310	-3.338
-3.310	-3.351
-3.310	-3.344
-3.310	-3.359
-3.145	-3.355
-3.145	-3.361
-3.145	-3.373
-3.145	-3.367
-3.145	-3.355
-3.145	-3.314
-3.145	-3.251
-3.145	-3.108
-3.145	-3.679
-3.145	-3.454
-3.145	-3.460
-3.145	-3.460
-3.145	-3.444
-3.145	-3.438
-3.145	-3.426
-3.145	-3.432
-3.145	-3.422
-3.143	-3.433
-3.143	-3.432
-3.143	-3.417
-3.143	-3.420
-3.143	-3.421
-3.143	-3.418
-3.143	-3.417
-3.143	-3.427
-3.143	-3.429
-3.143	-3.431
-3.143	-3.436
-3.143	-3.665
-3.143	-3.311
-3.143	-2.886
-3.143	-3.100
-3.143	-3.198
-3.200	-3.242
-3.200	-3.262
-3.200	-3.277
-3.200	-3.280
-3.200	-3.273
-3.200	-3.264
-3.200	-3.508
-3.200	-2.898
-3.200	-3.050
-3.200	-3.138
-3.200	-3.184
-3.200	-3.202
-3.200	-3.212
-3.200	-3.216
-3.200	-3.220
-3.200	-3.229
-3.200	-3.259
-3.200	-3.265
-3.058	-3.277
-3.058	-3.292
-3.058	-3.296
-3.058	-3.304
-3.058	-3.303
-3.058	-3.273
-3.058	-3.176
-3.058	-2.980
-3.058	-3.416
-3.058	-3.784
-3.058	-3.575
-3.058	-3.583
-3.058	-3.832
-3.058	-3.216
-3.058	-3.373
-2.826	-3.438
-2.826	-3.445
-2.826	-3.414
-2.826	-3.244
-2.826	-3.845
-2.826	-3.623
-2.826	-3.614
-2.826	-3.614
-2.826	-3.626
-2.826	-3.624
-2.826	-3.619
-2.826	-3.620
-2.826	-3.630
-2.826	-3.865
-2.826	-3.250
-2.826	-3.399
-2.826	-3.489
-2.678	-3.525
-2.678	-3.539
-2.678	-3.551
-2.678	-3.540
-2.678	-3.555
-2.678	-3.539
-2.678	-3.527
-2.678	-3.506
-2.678	-3.479
-2.678	-3.397
-2.678	-3.237
-2.678	-3.859
-2.678	-3.624
-2.678	-3.632
-2.678	-3.632
-2.734	-3.624
-2.734	-3.636
-2.734	-3.651
-2.734	-3.649
-2.734	-3.664
-2.734	-3.672
-2.734	-3.669
-2.734	-3.676
-2.734	-3.669
-2.734	-3.641
-2.734	-3.836
-2.734	-3.024
-2.734	-3.822
-2.734	-3.676
-2.734	-3.692
-2.734	-3.729
-2.734	-3.731
-2.734	-3.740
-2.594	-3.752
-2.594	-3.738
-2.594	-3.752
-2.594	-3.781
-2.594	-3.780
-2.594	-3.776
-2.594	-3.806
-2.594	-3.803
-2.594	-3.823
-2.594	-3.833
-2.594	-3.851
-2.594	-4.127
-2.594	-3.451
-2.594	-3.647
-2.594	-3.739
-2.594	-3.789
-2.380	-3.818
-2.380	-3.824
-2.380	-3.821
-2.380	-3.818
-2.380	-3.809
-2.380	-3.735
-2.380	-3.555
-2.380	-4.226
-2.380	-3.973
-2.380	-3.969
-2.380	-3.997
-2.380	-3.984
-2.380	-3.998
-2.380	-4.004
-2.380	-4.004
-2.380	-4.014
-2.196	-4.019
-2.196	-4.010
-2.196	-4.030
-2.196	-4.047
-2.196	-4.035
-2.196	-4.053
-2.196	-4.028
-2.196	-3.998
-2.196	-3.920
-2.196	-3.746
-2.196	-4.435
-2.196	-4.160
-2.196	-4.148
-2.196	-4.155
-2.196	-4.143
-2.158	-4.150
-2.158	-4.151
-2.158	-4.138
-2.158	-4.132
-2.158	-4.130
-2.158	-4.120
-2.158	-4.120
-2.158	-4.122
-2.158	-4.133
-2.158	-4.116
-2.158	-4.118
-2.158	-4.134
-2.158	-4.125
-2.158	-4.137
-2.158	-4.153
-2.158	-4.145
-2.158	-4.160
-2.159	-4.152
-2.159	-4.150
-2.159	-4.172
-2.159	-4.175
-2.159	-4.190
-2.159	-4.188
-2.159	-4.180
-2.159	-4.193
-2.159	-4.203
-2.159	-4.224
-2.159	-4.238
-2.159	-4.531
-2.159	-3.804
-2.159	-4.003
-2.159	-4.099
-2.159	-4.143
-2.048	-4.180
-2.048	-4.188
-2.048	-4.220
-2.048	-4.213
-2.048	-4.226
-2.048	-4.243
-2.048	-4.251
-2.048	-4.269
-2.048	-4.261
-2.048	-4.285
-2.048	-4.297
-2.048	-4.306
-2.048	-4.308
-2.048	-4.315
-2.048	-4.333
-2.048	-4.342
-2.048	-4.343
-1.724	-4.363
-1.724	-4.373
-1.724	-4.385
-1.724	-4.400
-1.724	-4.404
-1.724	-4.392
-1.724	-4.355
-1.724	-4.277
-1.724	-4.091
-1.724	-4.836
-1.724	-4.551
-1.724	-4.554
-1.724	-4.563
-1.724	-4.551
-1.724	-4.571
-1.608	-4.845
-1.608	-4.099
-1.608	-4.306
-1.608	-4.377
-1.608	-4.427
-1.608	-4.426
-1.608	-4.448
-1.608	-4.436
-1.608	-4.422
-1.608	-4.401
-1.608	-4.417
-1.608	-4.405
-1.608	-4.403
-1.608	-4.406
-1.608	-4.399
-1.608	-4.386
-1.608	-4.387
-1.610	-4.387
-1.610	-4.390
-1.610	-4.388
-1.610	-4.390
-1.610	-4.413
-1.610	-4.418
-1.610	-4.418
-1.610	-4.423
-1.610	-4.441
-1.610	-4.438
-1.610	-4.431
-1.610	-4.403
-1.610	-4.315
-1.610	-4.146
-1.610	-4.897
-1.569	-4.601
-1.569	-4.630
-1.569	-4.950
-1.569	-4.156
-1.569	-4.371
-1.569	-4.480
-1.569	-4.519
-1.569	-4.552
-1.569	-4.565
-1.569	-4.574
-1.569	-4.584
-1.569	-4.592
-1.569	-4.607
-1.569	-4.620
-1.569	-4.631
-1.569	-4.652
-1.569	-4.662
-1.569	-4.681
-1.294	-4.720
-1.294	-4.718
-1.294	-4.722
-1.294	-4.737
-1.294	-4.758
-1.294	-4.761
-1.294	-4.786
-1.294	-4.802
-1.294	-4.804
-1.294	-4.822
-1.294	-4.817
-1.294	-4.816
-1.294	-4.786
-1.294	-4.694
-1.294	-4.495
-1.102	-5.300
-1.102	-4.989
-1.102	-4.997
-1.102	-5.006
-1.102	-5.005
-1.102	-4.999
-1.102	-5.016
-1.102	-5.015
-1.102	-5.008
-1.102	-5.015
-1.102	-5.020
-1.102	-5.005
-1.102	-5.011
-1.102	-5.008
-1.102	-5.006
-1.102	-4.989
-1.102	-4.995
-1.100	-5.325
-1.100	-4.491
-1.100	-4.710
-1.100	-4.800
-1.100	-5.154
-1.100	-4.340
-1.100	-4.571
-1.100	-4.647
-1.100	-4.675
-1.100	-4.699
-1.100	-4.690
-1.100	-4.677
-1.100	-4.670
-1.100	-4.677
-1.100	-4.658
-1.100	-4.659
-1.100	-4.667
-1.100	-4.670
-1.100	-4.673
-1.100	-4.673
-1.100	-4.671
-1.100	-4.686
-1.100	-4.702
-1.100	-4.717
-1.100	-4.741
-1.100	-4.747
-1.100	-4.764
-1.100	-4.772
-1.100	-4.738
-1.100	-4.659
-1.100	-4.442
-1.100	-5.268
-1.100	-4.910
-0.955	-4.842
-0.955	-4.632
-0.955	-5.467
-0.955	-5.151
-0.955	-5.168
-0.955	-5.196
-0.955	-5.215
-0.955	-5.223
-0.955	-5.239
-0.955	-5.240
-0.955	-5.251
-0.955	-5.286
-0.955	-5.286
-0.955	-5.299
-0.955	-5.288
-0.731	-5.308
-0.731	-5.316
-0.731	-5.341
-0.731	-5.352
-0.731	-5.337
-0.731	-5.354
-0.731	-5.368
-0.731	-5.363
-0.731	-5.370
-0.731	-5.370
-0.731	-5.385
-0.731	-5.377
-0.731	-5.394
-0.731	-5.398
-0.731	-5.390
-0.731	-5.388
-0.731	-5.393
-0.668	-5.395
-0.668	-5.404
-0.668	-5.406
-0.668	-5.386
-0.668	-5.387
-0.668	-5.388
-0.668	-5.393
-0.668	-5.400
-0.668	-5.395
-0.668	-5.378
-0.668	-5.380
-0.668	-5.372
-0.668	-5.387
-0.641	-5.377
-0.641	-5.380
-0.641	-5.371
-0.641	-5.356
-0.641	-5.374
-0.641	-5.356
-0.641	-5.362
-0.641	-5.369
-0.641	-5.377
-0.641	-5.365
-0.641	-5.366
-0.641	-5.377
-0.641	-5.372
-0.641	-5.380
-0.641	-5.394
-0.641	-5.386
-0.642	-5.390
-0.642	-5.396
-0.642	-5.393
-0.642	-5.408
-0.642	-5.415
-0.642	-5.418
-0.642	-5.433
-0.642	-5.437
-0.642	-5.455
-0.642	-5.457
-0.642	-5.470
-0.642	-5.477
-0.642	-5.501
-0.642	-5.497
-0.642	-5.516
-0.642	-5.521
-0.642	-5.541
-0.642	-5.566
-0.507	-5.567
-0.507	-5.591
-0.507	-5.603
-0.507	-5.610
-0.507	-5.614
-0.507	-5.629
-0.507	-5.629
-0.507	-5.643
-0.507	-5.650
-0.507	-5.652
-0.507	-5.657
-0.507	-5.673
-0.507	-5.672
-0.507	-5.680
-0.507	-5.687
-0.327	-5.685
-0.327	-5.696
-0.327	-6.074
-0.327	-5.499
-0.327	-4.804
-0.327	-5.144
-0.327	-5.315
-0.327	-5.379
-0.327	-5.392
-0.327	-5.386
-0.327	-5.399
-0.327	-5.376
-0.327	-5.369
-0.327	-5.360
-0.327	-5.340
-0.327	-5.344
-0.357	-5.323
-0.357	-5.331
-0.357	-5.316
-0.357	-5.319
-0.357	-5.699
-0.357	-4.756
-0.357	-5.008
-0.357	-5.125
-0.357	-5.175
-0.357	-5.206
-0.357	-5.218
-0.357	-5.216
-0.357	-5.214
-0.357	-5.192
-0.357	-5.129
-0.357	-4.964
-0.357	-4.593
-0.359	-5.293
-0.359	-5.880
-0.359	-5.535
-0.359	-5.524
-0.359	-5.916
-0.359	-4.950
-0.359	-5.217
-0.359	-5.329
-0.359	-5.399
-0.359	-5.423
-0.359	-5.429
-0.359	-5.446
-0.359	-5.461
-0.359	-5.455
-0.359	-5.442
-0.359	-5.407
-0.293	-5.303
-0.293	-5.059
-0.293	-6.029
-0.293	-5.679
-0.293	-5.688
-0.293	-5.697
-0.293	-5.698
-0.293	-5.723
-0.293	-5.758
-0.293	-5.764
-0.293	-5.787
-0.293	-5.816
-0.293	-5.845
-0.293	-5.863
-0.293	-5.872
-0.293	-5.863
-0.293	-5.828
-0.020	-5.733
-0.020	-5.469
-0.020	-6.463
-0.020	-6.081
-0.020	-6.098
-0.020	-6.098
-0.020	-6.112
-0.020	-6.120
-0.020	-6.132
-0.020	-6.125
-0.020	-6.152
-0.020	-6.141
-0.020	-6.164
-0.020	-6.152
-0.020	-6.566
-0.020	-5.533
0.066	-5.787
0.066	-5.928
0.066	-5.988
0.066	-5.997
0.066	-5.996
0.066	-5.994
0.066	-5.987
0.066	-5.985
0.066	-5.965
0.066	-5.962
0.066	-5.964
0.066	-5.955
0.066	-5.947
0.066	-5.938
0.066	-5.936
0.066	-5.947
0.066	-5.943
0.067	-5.951
0.067	-5.944
0.067	-5.946
0.067	-5.965
0.067	-5.962
0.067	-5.956
0.067	-5.960
0.067	-5.942
0.067	-5.944
0.067	-5.886
0.067	-5.780
0.067	-5.496
0.067	-6.524
0.067	-6.143
0.067	-6.126
0.067	-6.136
0.067	-6.154
0.066	-6.145
0.066	-6.138
0.066	-6.159
0.066	-6.156
0.066	-6.168
0.066	-6.180
0.066	-6.182
0.066	-6.180
0.066	-6.203
0.066	-6.207
0.066	-6.208
0.066	-6.212
0.066	-6.221
0.066	-6.235
0.066	-6.257
0.137	-6.265
0.137	-6.259
0.137	-6.281
0.137	-6.294
0.137	-6.314
0.137	-6.335
0.137	-6.330
0.137	-6.342
0.137	-6.365
0.137	-6.373
0.137	-6.387
0.137	-6.388
0.137	-6.400
0.137	-6.408
0.247	-6.405
0.247	-6.429
0.247	-6.436
0.247	-6.434
0.247	-6.447
0.247	-6.457
0.247	-6.449
0.247	-6.458
0.247	-6.468
0.247	-6.446
0.247	-6.472
0.247	-6.488
0.247	-6.478
0.247	-6.484
0.247	-6.487
0.369	-6.487
0.369	-6.488
0.369	-6.500
0.369	-6.497
0.369	-6.500
0.369	-6.496
0.369	-6.496
0.369	-6.488
0.369	-6.496
0.369	-6.482
0.369	-6.485
0.369	-6.479
0.369	-6.482
0.369	-6.472
0.369	-6.472
0.369	-6.482
0.369	-6.465
0.371	-6.482
0.371	-6.475
0.371	-6.883
0.371	-5.813
0.371	-6.081
0.371	-6.204
0.371	-6.259
0.371	-6.284
0.371	-6.269
0.371	-6.261
0.371	-6.281
0.371	-6.271
0.371	-6.256
0.371	-6.255
0.371	-6.252
0.334	-6.250
0.334	-6.260
0.334	-6.252
0.334	-6.258
0.334	-6.260
0.334	-6.288
0.334	-6.286
0.334	-6.288
0.334	-6.314
0.334	-6.328
0.334	-6.344
0.334	-6.367
0.334	-6.362
0.334	-6.373
0.334	-6.362
0.334	-6.316
0.334	-6.210
0.383	-5.944
0.383	-7.017
0.383	-6.625
0.383	-6.642
0.383	-6.650
0.383	-7.105
0.383	-5.979
0.383	-6.302
0.383	-6.442
0.383	-6.503
0.383	-6.547
0.383	-6.562
0.383	-6.579
0.383	-6.572
0.383	-6.574
0.383	-6.589
0.562	-6.605
0.562	-6.615
0.562	-6.604
0.562	-6.614
0.562	-6.628
0.562	-6.631
0.562	-6.628
0.562	-6.651
0.562	-6.660
0.562	-6.691
0.562	-6.686
0.562	-6.707
0.562	-6.716
0.562	-6.729
0.562	-6.731
0.562	-6.744
0.562	-6.718
0.699	-6.662
0.699	-6.543
0.699	-6.247
0.699	-7.399
0.699	-6.929
0.699	-6.945
0.699	-6.962
0.699	-6.961
0.699	-6.950
0.699	-6.956
0.699	-6.953
0.699	-6.949
0.699	-6.946
0.699	-6.925
0.699	-6.934
0.771	-6.931
0.771	-6.930
0.771	-6.928
0.771	-6.914
0.771	-6.924
0.771	-6.907
0.771	-6.910
0.771	-6.906
0.771	-6.917
0.771	-6.919
0.771	-6.927
0.771	-6.913
0.771	-6.932
0.771	-6.926
0.771	-6.943
0.771	-6.941
0.771	-6.933
0.690	-6.954
0.690	-6.957
0.690	-6.981
0.690	-6.966
0.690	-6.978
0.690	-6.985
0.690	-6.995
0.690	-6.996
0.690	-7.032
0.690	-7.042
0.690	-7.053
0.690	-7.063
0.690	-7.065
0.690	-7.086
0.690	-7.089
0.853	-7.108
0.853	-7.135
0.853	-7.163
0.853	-7.174
0.853	-7.191
0.853	-7.199
0.853	-7.215
0.853	-7.226
0.853	-7.233
0.853	-7.267
0.853	-7.256
0.853	-7.274
0.853	-7.278
0.853	-7.297
0.853	-7.316
0.853	-7.309
0.853	-7.323
1.074	-7.335
1.074	-7.352
1.074	-7.353
1.074	-7.355
1.074	-7.374
1.074	-7.379
1.074	-7.376
1.074	-7.381
1.074	-7.390
1.074	-7.403
1.074	-7.396
1.074	-7.393
1.074	-7.408
1.074	-7.413
1.074	-7.412
1.137	-7.406
1.137	-7.416
1.137	-7.414
1.137	-7.427
1.137	-7.422
1.137	-7.431
1.137	-7.429
1.137	-7.410
1.137	-7.429
1.137	-7.417
1.137	-7.420
1.137	-7.409
1.137	-7.414
1.137	-7.395
1.137	-7.408
1.137	-7.399
1.137	-7.390
1.135	-7.400
1.135	-7.410
1.135	-7.391
1.135	-7.394
1.135	-7.393
1.135	-7.416
1.135	-7.393
1.135	-7.391
1.135	-7.409
1.135	-7.422
1.135	-7.423
1.135	-7.425
1.135	-7.442
1.135	-7.436
1.135	-7.447
1.134	-7.459
1.134	-7.455
1.134	-7.478
1.134	-7.479
1.134	-7.482
1.134	-7.503
1.134	-7.484
1.134	-7.515
1.134	-7.534
1.134	-7.550
1.134	-7.549
1.134	-7.580
1.134	-7.583
1.134	-7.612
1.134	-7.626
1.134	-7.623
1.134	-7.646
1.318	-7.681
1.318	-7.686
1.318	-7.702
1.318	-7.699
1.318	-7.726
1.318	-7.747
1.318	-7.749
1.318	-7.753
1.318	-7.771
1.318	-7.776
1.318	-7.773
1.318	-7.792
1.318	-7.803
1.318	-7.815
1.410	-7.819
1.410	-7.813
1.410	-7.814
1.410	-7.821
1.410	-7.828
1.410	-7.856
1.410	-7.845
1.410	-7.840
1.410	-7.845
1.410	-7.855
1.410	-7.854
1.410	-7.848
1.410	-7.851
1.410	-7.858
1.410	-7.872
1.410	-7.857
1.410	-7.850
1.495	-7.860
1.495	-7.853
1.495	-7.856
1.495	-7.854
1.495	-7.854
1.495	-7.850
1.495	-7.851
1.495	-7.847
1.495	-7.851
1.495	-8.350
1.495	-7.052
1.495	-7.386
1.495	-7.530
1.495	-7.588
1.495	-7.603
1.495	-7.616
1.494	-7.610
1.494	-7.601
1.494	-7.592
1.494	-7.588
1.494	-7.583
1.494	-7.575
1.494	-7.575
1.494	-7.571
1.494	-7.576
1.494	-7.569
1.494	-7.592
1.494	-7.585
1.494	-7.609
1.494	-8.121
1.494	-6.805
1.494	-7.165
1.494	-7.323
1.463	-7.410
1.463	-7.428
1.463	-7.454
1.463	-7.431
1.463	-7.356
1.463	-7.210
1.463	-6.874
1.463	-8.176
1.463	-7.671
1.463	-7.675
1.463	-7.705
1.463	-7.711
1.463	-7.710
1.463	-7.735
1.463	-7.746
1.549	-7.755
1.549	-7.771
1.549	-7.796
1.549	-7.816
1.549	-7.845
1.549	-7.856
1.549	-7.879
1.549	-7.898
1.549	-7.862
1.549	-7.812
1.549	-7.662
1.549	-7.333
1.549	-8.651
1.549	-8.147
1.549	-8.171
1.549	-8.162
1.549	-8.172
1.686	-8.172
1.686	-8.194
1.686	-8.204
1.686	-8.213
1.686	-8.204
1.686	-8.204
1.686	-8.213
1.686	-8.214
1.686	-8.210
1.686	-8.220
1.686	-8.228
1.686	-8.230
1.686	-8.228
1.686	-8.246
1.686	-8.240
1.764	-8.251
1.764	-8.240
1.764	-8.234
1.764	-8.242
1.764	-8.230
1.764	-8.227
1.764	-8.221
1.764	-8.230
1.764	-8.235
1.764	-8.241
1.764	-8.243
1.764	-8.244
1.764	-8.229
1.764	-8.244
1.764	-8.238
1.807	-8.233
1.807	-8.222
1.807	-8.215
1.807	-8.209
1.807	-8.219
1.807	-8.210
1.807	-8.222
1.807	-8.210
1.807	-8.216
1.807	-8.214
1.807	-8.228
1.807	-8.233
1.807	-8.228
1.807	-8.224
1.807	-8.235
1.807	-8.222
1.807	-8.235
1.752	-8.236
1.752	-8.249
1.752	-8.248
1.752	-8.247
1.752	-8.266
1.752	-8.250
1.752	-8.259
1.752	-8.268
1.752	-8.270
1.752	-8.280
1.752	-8.285
1.752	-8.293
1.752	-8.303
1.752	-8.309
1.752	-8.320
1.807	-8.335
1.807	-8.344
1.807	-8.361
1.807	-8.373
1.807	-8.371
1.807	-8.402
1.807	-8.395
1.807	-8.415
1.807	-8.414
1.807	-8.419
1.807	-8.446
1.807	-8.449
1.807	-8.451
1.807	-8.458
1.807	-8.475
1.807	-8.468
1.807	-8.474
1.881	-8.491
1.881	-8.511
1.881	-8.507
1.881	-8.518
1.881	-8.520
1.881	-8.518
1.881	-8.537
1.881	-8.540
1.881	-8.558
1.881	-8.548
1.881	-8.556
1.881	-8.547
1.881	-8.559
1.952	-8.553
1.952	-8.564
1.952	-8.562
1.952	-8.570
1.952	-8.577
1.952	-8.565
1.952	-8.580
1.952	-8.580
1.952	-8.563
1.952	-8.573
1.952	-8.571
1.952	-8.574
1.952	-8.568
1.952	-8.568
1.952	-8.568
1.952	-8.574
1.952	-8.573
1.953	-8.574
1.953	-8.555
1.953	-8.565
1.953	-8.566
1.953	-8.559
1.953	-8.549
1.953	-8.550
1.953	-8.551
1.953	-8.554
1.953	-8.550
1.953	-8.557
1.953	-8.565
1.953	-8.561
1.953	-8.570
1.953	-8.567
1.952	-8.581
1.952	-8.571
1.952	-8.578
1.952	-8.592
1.952	-8.570
1.952	-8.580
1.952	-8.603
1.952	-8.596
1.952	-8.587
1.952	-8.602
1.952	-8.611
1.952	-8.613
1.952	-8.618
1.952	-8.636
1.952	-8.617
1.952	-8.626
1.952	-8.650
1.981	-8.650
1.981	-8.658
1.981	-8.669
1.981	-8.700
1.981	-8.699
1.981	-8.707
1.981	-8.707
1.981	-8.718
1.981	-8.733
1.981	-8.744
1.981	-8.749
1.981	-8.760
1.981	-8.763
1.981	-8.764
1.981	-8.778
2.077	-8.771
2.077	-8.781
2.077	-8.795
2.077	-9.377
2.077	-7.903
2.077	-8.294
2.077	-8.483
2.077	-8.566
2.077	-8.596
2.077	-8.597
2.077	-8.590
2.077	-8.592
2.077	-8.595
2.077	-8.587
2.174	-8.580
2.174	-8.593
2.174	-8.585
2.174	-8.580
2.174	-8.568
2.174	-8.569
2.174	-8.578
2.174	-8.581
2.174	-8.596
2.174	-8.592
2.174	-8.601
2.174	-8.612
2.174	-8.611
2.174	-8.608
2.174	-8.616
2.174	-8.607
2.174	-8.574
2.203	-8.503
2.203	-8.328
2.203	-7.937
2.203	-9.405
2.203	-8.834
2.203	-8.833
2.203	-8.817
2.203	-8.825
2.203	-8.838
2.203	-8.839
2.203	-8.832
2.203	-8.841
2.203	-8.836
2.203	-9.412
2.203	-8.498
2.203	-7.400
2.155	-7.984
2.155	-8.233
2.155	-8.333
2.155	-8.363
2.155	-8.382
2.155	-8.371
2.155	-8.358
2.155	-8.348
2.155	-8.924
2.155	-7.416
2.155	-7.805
2.155	-7.975
2.155	-8.052
2.155	-8.092
2.155	-8.111
2.155	-8.123
2.155	-8.141
2.196	-8.167
2.196	-8.187
2.196	-8.188
2.196	-8.210
2.196	-8.234
2.196	-8.239
2.196	-8.246
2.196	-8.231
2.196	-8.147
2.196	-7.909
2.196	-7.371
2.196	-8.475
2.196	-9.406
2.196	-8.832
2.196	-8.849
2.333	-8.856
2.333	-8.874
2.333	-8.865
2.333	-8.843
2.333	-8.786
2.333	-8.618
2.333	-8.216
2.333	-9.735
2.333	-9.149
2.333	-9.154
2.333	-9.156
2.333	-9.164
2.333	-9.165
2.333	-9.175
2.333	-9.154
2.333	-9.165
2.333	-9.159
2.411	-9.172
2.411	-9.168
2.411	-9.166
2.411	-9.168
2.411	-9.177
2.411	-9.756
2.411	-8.236
2.411	-8.643
2.411	-8.798
2.411	-8.880
2.411	-8.904
2.411	-8.915
2.411	-8.916
2.411	-8.904
2.411	-8.889
2.411	-8.873
2.411	-8.867
2.411	-8.837
2.411	-8.835
2.411	-8.840
2.411	-8.836
2.411	-8.858
2.411	-8.844
2.411	-8.857
2.411	-8.868
2.411	-8.864
2.411	-8.881
2.411	-8.902
2.411	-8.904
2.411	-8.926
2.411	-8.933
2.411	-8.937
2.411	-8.915
2.412	-8.844
2.412	-8.684
2.412	-8.298
2.412	-9.817
2.412	-9.240
2.412	-9.255
2.412	-9.257
2.412	-9.262
2.412	-9.273
2.412	-9.272
2.412	-9.285
2.412	-9.299
2.412	-9.322
2.412	-9.320
2.475	-9.347
2.475	-9.373
2.475	-9.377
2.475	-9.389
2.475	-9.393
2.475	-9.412
2.475	-9.415
2.475	-9.426
2.475	-9.438
2.475	-9.441
2.475	-9.459
2.475	-9.471
2.475	-9.473
2.475	-9.475
2.475	-9.492
2.475	-9.495
2.475	-9.505
2.475	-9.499
2.568	-9.506
2.568	-9.519
2.568	-9.519
2.568	-9.529
2.568	-9.531
2.568	-9.542
2.568	-9.538
2.568	-9.546
2.568	-9.555
2.568	-9.554
2.568	-9.561
2.568	-9.570
2.568	-9.573
2.568	-9.547
2.568	-9.558
2.568	-9.558
2.568	-9.554
2.663	-9.564
2.663	-9.561
2.663	-9.547
2.663	-9.561
2.663	-9.567
2.663	-9.552
2.663	-9.554
2.663	-9.557
2.663	-9.550
2.663	-9.538
2.663	-9.541
2.663	-9.538
2.663	-9.526
2.663	-9.522
2.663	-9.518
2.618	-9.519
2.618	-9.514
2.618	-10.130
2.618	-8.546
2.618	-8.961
2.618	-9.143
2.618	-9.213
2.618	-9.246
2.618	-9.261
2.618	-9.261
2.618	-9.252
2.618	-9.259
2.618	-9.242
2.618	-9.233
2.618	-9.232
2.593	-9.221
2.593	-9.241
2.593	-9.254
2.593	-9.243
2.593	-9.246
2.593	-9.265
2.593	-9.274
2.593	-9.282
2.593	-9.304
2.593	-9.325
2.593	-9.342
2.593	-9.360
2.593	-9.374
2.593	-9.382
2.593	-9.372
2.593	-9.305
2.593	-9.139
2.690	-8.726
2.690	-10.330
2.690	-9.733
2.690	-9.751
2.690	-9.759
2.690	-9.757
2.690	-9.765
2.690	-9.771
2.690	-9.771
2.690	-9.795
2.690	-10.434
2.690	-8.802
2.690	-9.240
2.690	-9.436
2.690	-9.512
2.690	-9.567
2.800	-9.583
2.800	-9.586
2.800	-9.574
2.800	-10.209
2.800	-8.561
2.800	-8.985
2.800	-9.163
2.800	-9.253
2.800	-9.276
2.800	-9.292
2.800	-9.294
2.800	-9.280
2.800	-9.268
2.800	-9.274
2.800	-9.286
2.800	-9.292
2.800	-9.286
2.800	-9.290
2.802	-9.287
2.802	-9.305
2.802	-9.289
2.802	-9.273
2.802	-9.199
2.802	-9.011
2.802	-8.586
2.802	-10.237
2.802	-9.610
2.802	-9.619
2.802	-9.622
2.802	-9.605
2.802	-9.570
2.802	-9.487
2.802	-9.300
2.800	-8.867
2.800	-10.507
2.800	-9.866
2.800	-9.877
2.800	-9.858
2.800	-9.870
2.800	-9.858
2.800	-9.859
2.800	-9.855
2.800	-9.876
2.800	-10.511
2.800	-8.862
2.800	-9.276
2.800	-9.482
2.800	-9.560
2.800	-9.611
2.800	-9.597
2.802	-9.604
2.802	-9.601
2.802	-9.598
2.802	-10.230
2.802	-9.221
2.802	-7.983
2.802	-8.612
2.802	-8.885
2.802	-9.011
2.802	-9.045
2.802	-9.061
2.802	-9.053
2.802	-9.049
2.802	-9.051
2.802	-9.050
2.802	-9.061
2.802	-9.065
2.802	-9.071
2.879	-9.072
2.879	-9.080
2.879	-9.065
2.879	-9.010
2.879	-8.824
2.879	-8.411
2.879	-10.093
2.879	-9.489
2.879	-9.511
2.879	-9.541
2.879	-9.550
2.879	-9.571
2.879	-9.546
2.879	-9.434
2.879	-9.176
2.985	-8.553
2.985	-9.786
2.985	-10.818
2.985	-10.188
2.985	-10.182
2.985	-10.176
2.985	-10.182
2.985	-10.187
2.985	-10.191
2.985	-10.192
2.985	-10.194
2.985	-10.210
2.985	-10.197
2.985	-10.197
2.985	-10.210
2.985	-10.192
2.985	-10.203
3.046	-10.202
3.046	-10.193
3.046	-10.208
3.046	-10.207
3.046	-10.193
3.046	-10.177
3.046	-10.182
3.046	-10.178
3.046	-10.842
3.046	-9.147
3.046	-9.592
3.046	-9.789
3.046	-9.865
3.046	-9.890
3.046	-9.885
3.017	-9.877
3.017	-9.852
3.017	-9.844
3.017	-9.830
3.017	-9.826
3.017	-9.817
3.017	-9.804
3.017	-9.803
3.017	-9.795
3.017	-9.796
3.017	-9.792
3.017	-9.791
3.017	-9.797
3.017	-9.808
3.017	-9.814
2.983	-9.826
2.983	-9.847
2.983	-9.858
2.983	-9.863
2.983	-9.860
2.983	-9.848
2.983	-9.751
2.983	-9.572
2.983	-9.129
2.983	-10.829
2.983	-10.177
2.983	-10.178
2.983	-10.184
2.983	-10.201
2.983	-10.212
2.983	-10.214
2.983	-10.225
3.044	-10.241
3.044	-10.251
3.044	-10.268
3.044	-10.277
3.044	-10.292
3.044	-10.308
3.044	-10.318
3.044	-10.323
3.044	-10.332
3.044	-10.343
3.044	-10.358
3.044	-10.380
3.044	-10.382
3.044	-10.390
3.044	-10.395
3.044	-10.384
3.044	-10.399
3.153	-10.402
3.153	-10.408
3.153	-10.420
3.153	-10.433
3.153	-10.432
3.153	-10.441
3.153	-10.429
3.153	-10.445
3.153	-10.433
3.153	-10.439
3.153	-10.438
3.153	-10.440
3.153	-10.452
3.153	-10.452
3.153	-10.446
3.185	-10.425
3.185	-10.435
3.185	-10.433
3.185	-10.432
3.185	-10.425
3.185	-10.424
3.185	-10.428
3.185	-10.425
3.185	-10.431
3.185	-10.423
3.185	-10.427
3.185	-10.427
3.185	-10.418
3.185	-10.423
3.185	-10.412
3.143	-10.424
3.143	-10.416
3.143	-10.424
3.143	-10.402
3.143	-10.409
3.143	-10.409
3.143	-10.419
3.143	-10.401
3.143	-10.416
3.143	-10.398
3.143	-10.408
3.143	-10.391
3.143	-10.396
3.143	-10.390
3.143	-10.394
3.143	-10.406
3.143	-10.388
3.145	-10.393
3.145	-10.393
3.145	-10.394
3.145	-10.393
3.145	-10.396
3.145	-10.388
3.145	-10.388
3.145	-10.386
3.145	-10.383
3.145	-10.373
3.145	-10.388
3.145	-10.378
3.145	-10.386
3.145	-10.380
3.197	-10.396
3.197	-10.391
3.197	-10.388
3.197	-10.384
3.197	-10.389
3.197	-10.392
3.197	-10.392
3.197	-10.395
3.197	-10.416
3.197	-10.406
3.197	-10.426
3.197	-10.410
3.197	-10.417
3.197	-10.419
3.197	-10.413
3.197	-10.427
3.197	-10.421
3.229	-10.413
3.229	-10.425
3.229	-10.434
3.229	-10.438
3.229	-10.442
3.229	-10.437
3.229	-10.446
3.229	-10.442
3.229	-10.446
3.229	-10.441
3.229	-10.444
3.229	-10.445
3.229	-10.447
3.229	-10.446
3.229	-10.439
3.229	-10.461
3.229	-10.447
3.229	-10.451
3.230	-10.454
3.230	-10.458
3.230	-10.447
3.230	-10.440
3.230	-10.441
3.230	-10.426
3.230	-10.436
3.230	-10.432
3.230	-10.422
3.230	-10.425
3.230	-10.414
3.230	-10.415
3.230	-10.414
3.230	-10.412
3.261	-10.399
3.261	-10.399
3.261	-10.396
3.261	-10.399
3.261	-10.383
3.261	-10.384
3.261	-10.375
3.261	-10.389
3.261	-10.386
3.261	-10.384
3.261	-10.387
3.261	-10.370
3.261	-10.381
3.261	-10.369
3.261	-10.371
3.261	-10.345
3.261	-10.348
3.156	-10.355
3.156	-10.361
3.156	-10.364
3.156	-10.383
3.156	-10.397
3.156	-11.067
3.156	-9.316
3.156	-9.786
3.156	-9.992
3.156	-10.092
3.156	-10.126
3.156	-10.146
3.156	-10.152
3.156	-10.152
3.156	-10.156
3.157	-10.160
3.157	-10.147
3.157	-10.164
3.157	-10.168
3.157	-10.180
3.157	-10.177
3.157	-10.209
3.157	-10.207
3.157	-10.212
3.157	-10.251
3.157	-10.263
3.157	-10.301
3.157	-10.324
3.157	-10.345
3.157	-10.378
3.157	-10.399
3.157	-10.395
3.316	-10.383
3.316	-10.311
3.316	-10.820
3.316	-8.562
3.316	-10.796
3.316	-10.348
3.316	-10.445
3.316	-10.487
3.316	-10.508
3.316	-10.510
3.316	-10.515
3.316	-10.524
3.316	-10.521
3.316	-10.525
3.316	-10.545
3.316	-10.545
3.435	-10.565
3.435	-10.591
3.435	-10.583
3.435	-10.597
3.435	-10.625
3.435	-10.657
3.435	-10.670
3.435	-10.700
3.435	-10.715
3.435	-10.756
3.435	-10.791
3.435	-10.805
3.435	-10.829
3.435	-10.828
3.548	-10.746
3.548	-10.553
3.548	-10.097
3.548	-11.924
3.548	-11.256
3.548	-11.256
3.548	-11.291
3.548	-11.304
3.548	-11.328
3.548	-11.341
3.548	-11.364
3.548	-11.386
3.548	-11.396
3.548	-11.406
3.548	-11.417
3.760	-11.429
3.760	-11.435
3.760	-11.435
3.760	-11.470
3.760	-11.483
3.760	-12.237
3.760	-10.323
3.760	-10.834
3.760	-11.064
3.760	-11.161
3.760	-11.203
3.760	-11.204
3.760	-11.208
3.760	-11.189
3.760	-11.190
3.760	-11.196
3.760	-11.175
3.821	-11.175
3.821	-11.171
3.821	-11.157
3.821	-11.162
3.821	-11.156
3.821	-11.162
3.821	-11.152
3.821	-11.165
3.821	-11.171
3.821	-11.170
3.821	-11.178
3.821	-11.186
3.821	-11.193
3.821	-11.194
3.821	-11.197
3.784	-11.162
3.784	-11.067
3.784	-10.839
3.784	-10.344
3.784	-12.266
3.784	-11.528
3.784	-11.505
3.784	-11.514
3.784	-11.518
3.784	-11.518
3.784	-11.509
3.784	-11.521
3.784	-11.524
3.784	-11.508
3.784	-11.520
3.784	-11.518
3.784	-11.511
3.783	-11.521
3.783	-11.513
3.783	-11.508
3.783	-11.519
3.783	-11.548
3.783	-11.530
3.783	-11.545
3.783	-11.554
3.783	-11.566
3.783	-11.572
3.783	-11.568
3.783	-11.590
3.783	-11.578
3.783	-11.597
3.783	-11.601
3.882	-11.620
3.882	-11.625
3.882	-11.621
3.882	-11.636
3.882	-11.668
3.882	-11.660
3.882	-11.676
3.882	-11.702
3.882	-11.710
3.882	-11.724
3.882	-11.725
3.882	-11.745
3.882	-11.750
3.882	-11.763
3.882	-11.790
3.882	-11.796
3.882	-11.825
3.954	-11.846
3.954	-11.861
3.954	-11.864
3.954	-11.900
3.954	-11.896
3.954	-11.910
3.954	-11.925
3.954	-11.947
3.954	-11.964
3.954	-11.977
3.954	-12.011
3.954	-12.023
3.954	-12.033
3.954	-12.051
3.954	-12.082
4.108	-12.097
4.108	-12.115
4.108	-12.135
4.108	-12.155
4.108	-12.175
4.108	-12.186
4.108	-12.195
4.108	-12.215
4.108	-12.231
4.108	-12.255
4.108	-12.279
4.108	-12.294
4.108	-12.313
4.108	-12.327
4.108	-12.355
4.108	-12.375
4.108	-12.392
4.256	-12.416
4.256	-12.425
4.256	-12.444
4.256	-12.470
4.256	-12.480
4.256	-12.503
4.256	-12.533
4.256	-12.534
4.256	-12.554
4.256	-12.573
4.256	-12.608
4.256	-12.606
4.256	-12.619
4.256	-12.663
4.340	-12.657
4.340	-12.678
4.340	-12.697
4.340	-12.700
4.340	-12.713
4.340	-12.753
4.340	-12.759
4.340	-12.774
4.340	-12.787
4.340	-12.807
4.340	-12.812
4.340	-12.843
4.340	-12.855
4.340	-12.861
4.340	-12.881
4.340	-12.890
4.340	-13.760
4.340	-11.594
4.483	-12.181
4.483	-12.445
4.483	-12.564
4.483	-12.595
4.483	-12.620
4.483	-12.627
4.483	-12.631
4.483	-12.632
4.483	-12.634
4.483	-12.647
4.483	-12.645
4.483	-12.639
4.483	-12.657
4.483	-12.648
4.483	-12.677
4.605	-12.687
4.605	-12.701
4.605	-12.717
4.605	-12.737
4.605	-12.772
4.605	-12.781
4.605	-12.813
4.605	-12.843
4.605	-13.701
4.605	-11.502
4.605	-12.053
4.605	-12.212
4.605	-12.072
4.605	-11.532
4.605	-13.727
4.605	-12.884
4.659	-12.885
4.659	-12.873
4.659	-12.871
4.659	-12.860
4.659	-12.857
4.659	-12.836
4.659	-12.853
4.659	-12.844
4.659	-12.840
4.659	-12.849
4.659	-12.854
4.659	-12.878
4.659	-12.889
4.659	-12.888
4.659	-12.898
4.710	-12.922
4.710	-12.930
4.710	-12.934
4.710	-12.924
4.710	-12.889
4.710	-12.774
4.710	-12.514
4.710	-11.940
4.710	-14.141
4.710	-13.287
4.710	-13.282
4.710	-13.291
4.710	-13.279
4.710	-13.282
4.710	-13.281
4.710	-13.266
4.710	-13.278
4.710	-13.283
4.709	-13.270
4.709	-13.281
4.709	-13.284
4.709	-13.281
4.709	-13.271
4.709	-13.289
4.709	-13.278
4.709	-13.278
4.709	-13.271
4.709	-13.272
4.709	-13.267
4.709	-13.271
4.709	-13.269
4.709	-13.271
4.709	-13.278
4.707	-13.274
4.707	-13.278
4.707	-13.259
4.707	-13.268
4.707	-13.266
4.707	-13.276
4.707	-13.268
4.707	-13.267
4.707	-13.264
4.707	-13.282
4.707	-13.270
4.707	-13.267
4.707	-13.265
4.707	-13.266
4.707	-13.263
4.707	-13.272
4.707	-13.259
4.709	-13.262
4.709	-13.259
4.709	-13.272
4.709	-13.265
4.709	-13.261
4.709	-13.269
4.709	-13.259
4.709	-13.256
4.709	-13.263
4.709	-13.273
4.709	-13.265
4.709	-13.258
4.709	-13.251
4.709	-13.261
4.709	-13.258
4.739	-13.260
4.739	-13.264
4.739	-14.109
4.739	-11.913
4.739	-12.480
4.739	-12.745
4.739	-12.849
4.739	-12.874
4.739	-12.885
4.739	-12.883
4.739	-12.873
4.739	-12.849
4.739	-12.842
4.739	-12.840
4.739	-12.827
4.739	-12.823
4.739	-12.810
4.739	-12.809
4.738	-12.811
4.738	-12.799
4.738	-12.805
4.738	-12.814
4.738	-12.837
4.738	-12.835
4.738	-12.856
4.738	-12.870
4.738	-12.884
4.738	-12.898
4.738	-12.872
4.738	-12.847
4.738	-12.750
4.738	-12.492
4.689	-11.925
4.689	-14.140
4.689	-13.296
4.689	-14.165
4.689	-11.928
4.689	-12.536
4.689	-12.799
4.689	-12.912
4.689	-12.964
4.689	-12.981
4.689	-12.978
4.689	-12.969
4.689	-12.984
4.689	-12.982
4.689	-12.979
4.689	-12.985
4.689	-12.997
4.689	-13.901
4.794	-11.625
4.794	-12.246
4.794	-12.521
4.794	-12.654
4.794	-12.709
4.794	-12.744
4.794	-12.760
4.794	-12.779
4.794	-12.793
4.794	-12.810
4.794	-12.824
4.794	-12.829
4.794	-12.782
4.794	-12.680
4.794	-12.430
4.927	-11.854
4.927	-14.096
4.927	-13.233
4.927	-13.253
4.927	-13.273
4.927	-14.172
4.927	-11.911
4.927	-12.532
4.927	-12.811
4.927	-12.922
4.927	-12.956
4.927	-12.941
4.927	-12.819
4.927	-12.539
