30.578	-0.044
33.439	0.032
33.439	0.059
33.439	0.079
33.439	0.107
33.439	0.117
33.439	0.136
33.439	0.150
33.393	0.173
33.393	0.194
33.393	0.219
33.393	0.227
33.393	0.241
33.393	0.260
33.393	0.278
33.393	0.298
33.393	0.306
33.393	0.325
33.393	0.347
33.393	0.361
33.393	0.380
33.393	0.386
33.393	0.398
33.303	0.411
33.303	0.423
33.303	0.430
33.303	0.442
33.303	0.452
33.303	0.476
33.303	0.507
33.303	0.563
33.303	0.529
33.303	0.469
33.303	0.477
33.303	0.467
33.303	0.465
33.303	0.466
33.303	0.417
33.303	0.409
33.303	0.395
33.303	0.382
33.004	0.387
33.004	0.369
33.004	0.355
33.004	0.348
33.004	0.339
33.004	0.332
33.004	0.328
33.004	0.307
33.004	0.298
33.004	0.289
33.004	0.287
33.004	0.283
33.004	0.269
33.004	0.265
33.004	0.264
32.944	0.254
32.944	0.245
32.944	0.243
32.944	0.228
32.944	0.215
32.944	0.198
32.944	0.256
32.944	0.217
32.944	0.218
32.944	0.206
32.944	0.207
32.944	0.238
32.944	0.223
32.944	0.227
32.944	0.220
32.944	0.211
32.944	0.206
32.264	0.209
32.264	0.222
32.264	0.221
32.264	0.222
32.264	0.213
32.264	0.217
32.264	0.219
32.264	0.220
32.264	0.214
32.264	0.214
32.264	0.221
32.264	0.211
32.264	0.213
32.264	0.216
32.264	0.226
31.019	0.211
31.019	0.221
31.019	0.219
31.019	0.217
31.019	0.221
31.019	0.218
31.019	0.216
31.019	0.216
31.019	0.210
31.019	0.221
31.019	0.212
31.019	0.206
31.019	0.213
31.019	0.223
31.019	0.245
31.019	0.231
31.019	0.218
31.019	0.224
30.239	0.219
30.239	0.220
30.239	0.226
30.239	0.224
30.239	0.223
30.239	0.228
30.239	0.225
30.239	0.224
30.239	0.232
30.239	0.217
30.239	0.228
30.239	0.220
30.239	0.221
30.239	0.221
30.108	0.214
30.108	0.211
30.108	0.207
30.108	0.207
30.108	0.193
30.108	0.190
30.108	0.173
30.108	0.160
30.108	0.155
30.108	0.151
30.108	0.140
30.108	0.113
30.108	0.092
30.108	0.080
30.108	0.073
30.108	0.051
30.108	0.036
29.459	0.033
29.459	0.000
29.459	-0.019
29.459	-0.039
29.459	-0.052
29.459	-0.079
29.459	-0.086
29.459	-0.111
29.459	-0.118
29.459	-0.151
29.459	-0.169
29.459	-0.175
29.459	-0.204
29.459	-0.220
29.459	-0.248
29.459	-0.267
29.459	-0.289
29.459	-0.310
29.459	-0.331
28.540	-0.342
28.540	-0.355
28.540	-0.379
28.540	-0.410
28.540	-0.433
28.540	-0.428
28.540	-0.452
28.540	-0.474
28.540	-0.498
28.540	-0.507
28.540	-0.535
28.540	-0.577
28.540	-0.569
28.540	-0.679
28.540	-0.513
28.540	-0.599
28.540	-0.642
28.540	-0.698
28.540	-0.729
27.655	-0.763
27.655	-0.802
27.655	-0.837
27.655	-0.894
27.655	-0.915
27.655	-0.961
27.655	-1.003
27.655	-1.052
27.655	-1.092
27.655	-1.126
27.655	-1.172
27.655	-1.221
27.655	-1.268
27.655	-1.301
27.655	-1.350
26.003	-1.398
26.003	-1.450
26.003	-1.498
26.003	-1.537
26.003	-1.590
26.003	-1.626
26.003	-1.668
26.003	-1.693
26.003	-1.726
26.003	-1.717
26.003	-1.947
26.003	-1.908
26.003	-1.945
26.003	-1.982
26.003	-2.019
26.003	-2.054
26.003	-2.085
24.794	-2.115
24.794	-2.151
24.794	-2.189
24.794	-2.227
24.794	-2.246
24.794	-2.291
24.794	-2.322
24.794	-2.363
24.794	-2.390
24.794	-2.429
24.794	-2.462
24.794	-2.507
24.794	-2.533
24.794	-2.569
24.794	-2.607
24.164	-2.633
24.164	-2.666
24.164	-2.698
24.164	-2.755
24.164	-2.768
24.164	-2.819
24.164	-2.866
24.164	-2.901
24.164	-2.941
24.164	-2.984
24.164	-3.020
24.164	-3.064
24.164	-3.107
24.164	-3.145
24.164	-3.189
23.398	-3.234
23.398	-3.265
23.398	-3.321
23.398	-3.346
23.398	-3.402
23.398	-3.423
23.398	-3.472
23.398	-3.498
23.398	-3.539
23.398	-3.570
23.398	-3.613
23.398	-3.647
23.398	-3.691
23.398	-3.721
23.398	-3.760
23.398	-3.800
23.398	-3.843
22.902	-3.888
22.902	-4.237
22.902	-3.524
22.902	-3.762
22.902	-3.887
22.902	-3.956
22.902	-4.016
22.902	-4.051
22.902	-4.094
22.902	-4.116
22.902	-4.158
22.902	-4.195
22.902	-4.542
22.902	-3.762
22.902	-4.011
22.902	-4.134
22.902	-4.218
22.463	-4.264
22.463	-4.620
22.463	-3.803
22.463	-4.081
22.463	-4.212
22.463	-4.294
22.463	-4.348
22.463	-4.749
22.463	-3.870
22.463	-4.158
22.463	-4.307
22.463	-4.369
22.463	-4.395
22.463	-4.342
22.463	-4.165
22.463	-4.979
22.463	-4.709
21.843	-4.738
21.843	-4.782
21.843	-4.823
21.843	-4.870
21.843	-4.904
21.843	-4.942
21.843	-4.942
21.843	-4.893
21.843	-4.726
21.843	-5.569
21.843	-5.294
21.843	-5.327
21.843	-5.337
21.843	-5.283
21.843	-5.536
20.839	-5.360
20.839	-5.351
20.839	-5.514
20.839	-5.558
20.839	-5.509
20.839	-5.308
20.839	-6.257
20.839	-5.940
20.839	-5.968
20.839	-6.019
20.839	-6.058
20.839	-6.103
20.839	-6.140
20.839	-6.178
20.839	-6.235
20.839	-6.272
20.839	-6.305
19.945	-6.350
19.945	-6.390
19.945	-6.439
19.945	-6.485
19.945	-6.534
19.945	-6.592
19.945	-6.640
19.945	-6.704
19.945	-6.751
19.945	-6.778
19.945	-6.769
19.945	-6.702
19.945	-6.471
19.945	-7.595
19.408	-7.228
19.408	-7.276
19.408	-7.334
19.408	-7.378
19.408	-7.438
19.408	-7.494
19.408	-7.539
19.408	-7.602
19.408	-7.648
19.408	-7.695
19.408	-7.735
19.408	-7.781
19.408	-7.835
19.408	-7.872
19.408	-7.930
19.408	-7.975
19.408	-8.023
19.408	-8.094
18.897	-8.159
18.897	-8.208
18.897	-8.278
18.897	-8.346
18.897	-8.411
18.897	-8.482
18.897	-8.542
18.897	-8.609
18.897	-8.674
18.897	-8.738
18.897	-8.793
18.897	-8.858
18.897	-8.900
18.897	-8.955
18.897	-9.020
18.560	-9.092
18.560	-9.148
18.560	-9.199
18.560	-9.265
18.560	-9.293
18.560	-9.343
18.560	-9.388
18.560	-9.437
18.560	-9.492
18.560	-9.544
18.560	-9.596
18.560	-9.665
18.560	-9.732
18.560	-9.793
18.560	-9.848
18.560	-9.892
18.534	-9.943
18.534	-9.977
18.534	-10.004
18.534	-10.045
18.534	-10.084
18.534	-10.121
18.534	-10.168
18.534	-10.210
18.534	-10.252
18.534	-10.303
18.534	-10.335
18.534	-10.394
18.534	-10.435
18.534	-10.469
18.534	-10.503
18.534	-10.553
18.152	-10.606
18.152	-10.659
18.152	-10.730
18.152	-10.789
18.152	-10.862
18.152	-10.931
18.152	-10.989
18.152	-11.049
18.152	-11.119
18.152	-11.182
18.152	-11.252
18.152	-11.308
18.152	-11.370
18.152	-11.439
18.152	-12.308
18.152	-10.292
18.152	-10.909
18.152	-11.208
17.279	-11.377
17.279	-11.476
17.279	-11.546
17.279	-11.597
17.279	-11.641
17.279	-11.692
17.279	-11.743
17.279	-11.785
17.279	-11.852
17.279	-11.899
17.279	-11.947
17.279	-11.990
17.279	-12.037
16.503	-12.079
16.503	-12.135
16.503	-12.192
16.503	-12.250
16.503	-12.297
16.503	-12.354
16.503	-12.420
16.503	-12.464
16.503	-12.502
16.503	-12.523
16.503	-12.523
16.503	-12.454
16.503	-12.268
16.503	-11.762
16.503	-13.886
16.503	-13.131
16.503	-13.181
16.275	-13.219
16.275	-13.255
16.275	-13.290
16.275	-13.341
16.275	-13.384
16.275	-13.420
16.275	-13.472
16.275	-13.515
16.275	-13.539
16.275	-13.592
16.275	-13.635
16.275	-13.681
16.275	-13.736
16.275	-13.768
16.275	-13.810
16.091	-13.851
16.091	-13.876
16.091	-13.925
16.091	-13.957
16.091	-13.984
16.091	-14.026
16.091	-14.064
16.091	-14.103
16.091	-14.137
16.091	-14.168
16.091	-14.180
16.091	-14.195
16.091	-14.226
16.091	-14.233
16.091	-14.246
16.091	-14.275
16.091	-14.308
15.857	-14.338
15.857	-14.365
15.857	-14.397
15.857	-14.424
15.857	-14.444
15.857	-14.461
15.857	-14.481
15.857	-14.493
15.857	-14.507
15.857	-14.526
15.857	-14.547
15.857	-14.579
15.857	-14.605
15.857	-14.621
15.857	-14.666
15.686	-14.685
15.686	-14.714
15.686	-14.743
15.686	-14.770
15.686	-14.797
15.686	-14.819
15.686	-14.859
15.686	-14.884
15.686	-14.922
15.686	-14.960
15.686	-14.983
15.686	-15.026
15.686	-15.077
15.686	-15.101
15.686	-15.130
15.686	-15.167
15.686	-15.191
15.146	-16.242
15.146	-13.646
15.146	-14.366
15.146	-14.699
15.146	-14.853
15.146	-14.944
15.146	-14.981
15.146	-15.021
15.146	-15.031
15.146	-15.048
15.146	-15.079
15.146	-15.095
15.146	-15.116
15.146	-15.135
14.453	-15.155
14.453	-15.185
14.453	-15.211
14.453	-15.237
14.453	-15.277
14.453	-15.293
14.453	-15.332
14.453	-15.376
14.453	-15.417
14.453	-15.449
14.453	-15.495
14.453	-15.521
14.453	-15.532
14.453	-15.523
14.453	-15.411
14.453	-16.195
14.453	-12.803
14.453	-16.161
14.144	-15.466
14.144	-15.623
14.144	-15.686
14.144	-15.715
14.144	-15.731
14.144	-15.723
14.144	-15.759
14.144	-15.769
14.144	-15.768
14.144	-15.779
14.144	-15.790
14.144	-15.813
14.144	-15.841
14.144	-15.866
14.144	-15.903
13.690	-15.933
13.690	-15.984
13.690	-16.032
13.690	-16.076
13.690	-16.102
13.690	-16.154
13.690	-16.196
13.690	-16.217
13.690	-16.248
13.690	-16.239
13.690	-16.139
13.690	-15.849
13.690	-15.169
13.690	-17.917
13.690	-16.890
13.690	-16.925
13.690	-16.943
13.309	-16.970
13.309	-16.987
13.309	-17.013
13.309	-17.031
13.309	-17.051
13.309	-17.092
13.309	-18.286
13.309	-15.378
13.309	-16.188
13.309	-16.581
13.309	-16.742
13.309	-16.797
13.309	-16.821
13.309	-16.827
13.309	-16.817
13.101	-16.813
13.101	-16.828
13.101	-16.851
13.101	-16.870
13.101	-16.893
13.101	-16.933
13.101	-16.940
13.101	-16.948
13.101	-16.972
13.101	-17.006
13.101	-17.021
13.101	-17.068
13.101	-17.097
13.101	-17.144
13.101	-17.197
13.101	-17.242
13.101	-17.290
12.923	-17.323
12.923	-17.320
12.923	-17.205
12.923	-16.885
12.923	-16.118
12.923	-19.091
12.923	-17.949
12.923	-17.955
12.923	-17.975
12.923	-18.007
12.923	-18.033
12.923	-18.061
12.923	-18.089
12.923	-18.123
12.923	-18.130
12.923	-18.136
12.923	-18.149
12.653	-18.150
12.653	-18.151
12.653	-18.167
12.653	-18.191
12.653	-18.181
12.653	-18.189
12.653	-18.194
12.653	-18.188
12.653	-18.178
12.653	-18.144
12.653	-18.120
12.653	-18.111
12.653	-18.079
12.653	-18.056
12.653	-18.008
12.531	-17.984
12.531	-17.951
12.531	-17.900
12.531	-17.852
12.531	-17.788
12.531	-17.717
12.531	-17.656
12.531	-17.596
12.531	-17.515
12.531	-17.451
12.531	-17.369
12.531	-17.282
12.531	-17.198
12.531	-17.118
12.531	-17.001
12.531	-16.898
12.531	-16.794
12.531	-16.641
13.115	-16.501
13.115	-16.353
13.115	-16.194
13.115	-16.014
13.115	-15.811
13.115	-15.654
13.115	-15.471
13.115	-15.267
13.115	-15.034
13.115	-14.805
13.115	-14.548
13.115	-14.304
13.115	-14.029
13.115	-13.747
13.115	-13.476
14.786	-13.194
14.786	-12.929
14.786	-12.654
14.786	-12.366
14.786	-12.084
14.786	-11.804
14.786	-11.492
14.786	-11.208
14.786	-10.917
14.786	-10.625
14.786	-10.325
14.786	-10.045
14.786	-9.762
14.786	-9.471
14.786	-9.233
14.786	-8.963
14.786	-8.733
19.518	-8.491
19.518	-8.272
19.518	-8.052
19.518	-7.806
19.518	-7.578
19.518	-7.348
19.518	-7.138
19.518	-6.948
19.518	-6.771
19.518	-6.600
19.518	-6.439
19.518	-6.298
19.518	-6.157
19.518	-6.026
20.508	-5.897
20.508	-5.762
20.508	-5.646
20.508	-5.516
20.508	-5.385
20.508	-5.279
20.508	-5.155
20.508	-5.052
20.508	-4.939
20.508	-4.840
20.508	-4.741
20.508	-4.633
20.508	-4.532
20.508	-4.416
20.508	-4.319
20.508	-4.195
20.508	-4.085
22.710	-3.979
22.710	-3.870
22.710	-3.776
22.710	-3.674
22.710	-3.593
22.710	-3.504
22.710	-3.412
22.710	-3.338
22.710	-3.265
22.710	-3.177
22.710	-3.095
22.710	-3.018
22.710	-2.931
22.710	-2.856
22.710	-2.784
24.529	-2.692
24.529	-2.624
24.529	-2.555
24.529	-2.569
24.529	-2.259
24.529	-2.259
24.529	-2.227
24.529	-2.152
24.529	-2.088
24.529	-2.026
24.529	-1.962
24.529	-1.902
24.529	-1.892
24.529	-1.660
24.529	-1.650
24.529	-1.604
24.529	-1.567
24.529	-1.501
24.529	-1.467
24.529	-1.409
24.529	-1.359
26.184	-1.317
26.184	-1.267
26.184	-1.225
26.184	-1.188
26.184	-1.150
26.184	-1.118
26.184	-1.078
26.184	-1.041
26.184	-1.008
26.184	-0.976
26.184	-0.920
26.184	-0.864
26.184	-0.780
26.184	-0.997
26.184	-0.854
26.184	-0.829
26.184	-0.821
26.184	-0.787
27.486	-0.755
27.486	-0.724
27.486	-0.672
27.486	-0.604
27.486	-0.746
27.486	-0.646
27.486	-0.620
27.486	-0.586
27.486	-0.552
27.486	-0.510
27.486	-0.477
27.486	-0.450
27.486	-0.409
27.486	-0.381
27.486	-0.348
27.486	-0.324
27.486	-0.300
28.310	-0.253
28.310	-0.231
28.310	-0.200
28.310	-0.168
28.310	-0.133
28.310	-0.121
28.310	-0.095
28.310	-0.065
28.310	-0.039
28.310	-0.010
28.310	0.006
28.310	0.025
28.310	0.054
28.310	0.073
28.310	0.093
30.057	0.079
30.057	0.116
30.057	0.134
30.057	0.175
30.057	0.206
30.057	0.221
30.057	0.240
30.057	0.264
30.057	0.279
30.057	0.297
30.057	0.321
30.057	0.345
30.057	0.369
30.057	0.391
30.057	0.411
30.057	0.424
30.057	0.456
30.057	0.478
31.380	0.501
31.380	0.533
31.380	0.634
31.380	0.489
31.380	0.566
31.380	0.617
31.380	0.648
31.380	0.684
31.380	0.707
31.380	0.727
31.380	0.752
31.380	0.780
31.380	0.837
31.380	0.860
31.380	0.888
32.667	0.887
32.667	0.922
32.667	0.952
32.667	0.966
32.667	0.980
32.667	0.995
32.667	1.016
32.667	1.023
32.667	1.048
32.667	1.061
32.667	1.079
32.667	1.121
32.667	1.156
32.667	1.178
32.667	1.215
32.726	1.214
32.726	1.213
32.726	1.196
32.726	1.377
32.726	1.321
32.726	1.335
32.726	1.341
32.726	1.366
32.726	1.384
32.726	1.403
32.726	1.442
32.726	1.470
32.726	1.493
32.726	1.508
32.726	1.642
32.726	1.375
32.726	1.455
32.726	1.492
32.450	1.523
32.450	1.535
32.450	1.555
32.450	1.569
32.450	1.583
32.450	1.600
32.450	1.619
32.450	1.647
32.450	1.648
32.450	1.644
32.450	1.651
32.450	1.652
32.450	1.663
32.450	1.657
32.450	1.659
32.450	1.663
32.683	1.674
32.683	1.675
32.683	1.685
32.683	1.681
32.683	1.697
32.683	1.706
32.683	1.700
32.683	1.688
32.683	1.659
32.683	1.624
32.683	1.544
32.683	1.831
32.683	1.708
32.683	1.703
32.683	1.706
32.633	1.704
32.633	1.705
32.633	1.698
32.633	1.698
32.633	1.703
32.633	1.705
32.633	1.708
32.633	1.696
32.633	1.691
32.633	1.685
32.633	1.671
32.633	1.655
32.633	1.634
32.633	1.623
32.633	1.621
32.633	1.606
32.633	1.596
32.584	1.592
32.584	1.616
32.584	1.594
32.584	1.588
32.584	1.583
32.584	1.581
32.584	1.588
32.584	1.567
32.584	1.552
32.584	1.542
32.584	1.525
32.584	1.530
32.584	1.519
32.584	1.529
32.584	1.521
32.584	1.514
32.540	1.600
32.540	1.358
32.540	1.411
32.540	1.408
