4.283	-0.006
-7.831	0.007
-7.831	0.000
-7.831	0.015
-7.832	0.012
-7.832	0.011
-7.832	0.021
-7.832	0.019
-7.832	0.029
-7.832	0.034
-7.832	0.037
-7.832	0.036
-7.832	0.041
-7.832	0.040
-7.832	0.041
-7.832	0.053
-7.832	0.052
-7.832	0.066
-7.832	0.064
-7.832	0.060
-7.831	0.058
-7.831	0.063
-7.831	0.070
-7.831	0.072
-7.831	0.075
-7.831	0.082
-7.831	0.086
-7.831	0.083
-7.831	0.090
-7.831	0.090
-7.831	0.099
-7.831	0.089
-7.831	0.104
-7.831	0.094
-7.831	0.098
-7.803	0.113
-7.803	0.104
-7.803	0.100
-7.803	0.094
-7.803	0.093
-7.803	0.094
-7.803	0.099
-7.803	0.097
-7.803	0.100
-7.803	0.112
-7.803	0.095
-7.803	0.099
-7.803	0.093
-7.803	0.097
-7.803	0.102
-7.805	0.101
-7.805	0.107
-7.805	0.099
-7.805	0.104
-7.805	0.101
-7.805	0.102
-7.805	0.097
-7.805	0.101
-7.805	0.099
-7.805	0.105
-7.805	0.100
-7.805	0.103
-7.805	0.101
-7.805	0.107
-7.805	0.105
-7.805	0.088
-7.805	0.092
-7.803	0.107
-7.803	0.098
-7.803	0.099
-7.803	0.093
-7.803	0.098
-7.803	0.094
-7.803	0.094
-7.803	0.091
-7.803	0.087
-7.803	0.087
-7.803	0.079
-7.803	0.083
-7.803	0.080
-7.803	0.085
-7.803	0.080
-7.803	0.085
-7.802	0.092
-7.802	0.088
-7.802	0.084
-7.802	0.095
-7.802	0.087
-7.802	0.081
-7.802	0.080
-7.802	0.084
-7.802	0.083
-7.802	0.083
-7.802	0.079
-7.802	0.089
-7.802	0.088
-7.802	0.087
-7.802	0.087
-7.802	0.082
-7.643	0.095
-7.643	0.083
-7.643	0.085
-7.643	0.094
-7.643	0.086
-7.643	0.078
-7.643	0.098
-7.643	0.085
-7.643	0.096
-7.643	0.096
-7.643	0.106
-7.643	0.107
-7.643	0.103
-7.643	0.107
-7.643	0.099
-7.364	0.102
-7.364	0.100
-7.364	0.088
-7.364	0.098
-7.364	0.108
-7.364	0.103
-7.364	0.113
-7.364	0.123
-7.364	0.120
-7.364	0.118
-7.364	0.109
-7.364	0.121
-7.364	0.126
-7.364	0.122
-7.364	0.127
-7.364	0.119
-7.364	0.145
-6.950	0.134
-6.950	0.131
-6.950	0.144
-6.950	0.143
-6.950	0.130
-6.950	0.147
-6.950	0.153
-6.950	0.150
-6.950	0.148
-6.950	0.150
-6.950	0.163
-6.950	0.155
-6.950	0.157
-6.950	0.165
-6.950	0.163
-6.950	0.174
-6.685	0.172
-6.685	0.174
-6.685	0.188
-6.685	0.174
-6.685	0.169
-6.685	0.172
-6.685	0.177
-6.685	0.199
-6.685	0.163
-6.685	0.165
-6.685	0.180
-6.685	0.186
-6.685	0.179
-6.685	0.165
-6.685	0.172
-6.685	0.180
-6.683	0.175
-6.683	0.190
-6.683	0.194
-6.683	0.195
-6.683	0.183
-6.683	0.189
-6.683	0.191
-6.683	0.193
-6.683	0.186
-6.683	0.191
-6.683	0.194
-6.683	0.193
-6.683	0.190
-6.683	0.197
-6.683	0.196
-6.683	0.194
-6.682	0.180
-6.682	0.198
-6.682	0.198
-6.682	0.206
-6.682	0.190
-6.682	0.190
-6.682	0.230
-6.682	0.204
-6.682	0.188
-6.682	0.202
-6.682	0.197
-6.682	0.218
-6.682	0.228
-6.682	0.220
-6.682	0.212
-6.682	0.219
-6.601	0.214
-6.601	0.187
-6.601	0.196
-6.601	0.218
-6.601	0.216
-6.601	0.200
-6.601	0.208
-6.601	0.225
-6.601	0.215
-6.601	0.205
-6.601	0.218
-6.601	0.208
-6.601	0.223
-6.601	0.200
-6.601	0.221
-6.601	0.214
-6.256	0.218
-6.256	0.206
-6.256	0.217
-6.256	0.212
-6.256	0.201
-6.256	0.212
-6.256	0.216
-6.256	0.208
-6.256	0.219
-6.256	0.208
-6.256	0.193
-6.256	0.196
-6.256	0.183
-6.256	0.179
-6.256	0.183
-6.256	0.198
-6.256	0.174
-5.849	0.158
-5.849	0.161
-5.849	0.160
-5.849	0.131
-5.849	0.126
-5.849	0.128
-5.849	0.108
-5.849	0.088
-5.849	0.091
-5.849	0.072
-5.849	0.076
-5.849	0.065
-5.849	0.055
-5.849	0.038
-5.849	0.041
-5.475	0.030
-5.475	0.008
-5.475	0.011
-5.475	0.009
-5.475	0.002
-5.475	-0.004
-5.475	-0.018
-5.475	-0.030
-5.475	-0.031
-5.475	-0.033
-5.475	-0.027
-5.475	-0.045
-5.475	-0.045
-5.475	-0.059
-5.475	-0.052
-5.475	-0.068
-5.475	-0.062
-5.338	-0.052
-5.338	-0.047
-5.338	-0.070
-5.338	-0.065
-5.338	-0.049
-5.338	-0.054
-5.338	-0.066
-5.338	-0.055
-5.338	-0.047
-5.338	-0.054
-5.338	-0.053
-5.338	-0.054
-5.338	-0.048
-5.338	-0.050
-5.338	-0.045
-5.336	-0.058
-5.336	-0.050
-5.336	-0.049
-5.336	-0.057
-5.336	-0.042
-5.336	-0.038
-5.336	-0.049
-5.336	-0.054
-5.336	-0.048
-5.336	-0.058
-5.336	-0.053
-5.336	-0.058
-5.336	-0.056
-5.336	-0.056
-5.336	-0.072
-5.336	-0.074
-5.336	-0.085
-5.338	-0.082
-5.338	-0.087
-5.338	-0.101
-5.338	-0.119
-5.338	-0.118
-5.338	-0.131
-5.338	-0.140
-5.338	-0.144
-5.338	-0.163
-5.338	-0.166
-5.338	-0.198
-5.338	-0.190
-5.338	-0.219
-5.338	-0.228
-5.338	-0.253
-4.952	-0.251
-4.952	-0.253
-4.952	-0.290
-4.952	-0.309
-4.952	-0.301
-4.952	-0.320
-4.952	-0.367
-4.952	-0.350
-4.952	-0.360
-4.952	-0.388
-4.952	-0.412
-4.952	-0.410
-4.952	-0.409
-4.952	-0.432
-4.952	-0.446
-4.952	-0.449
-4.952	-0.474
-4.469	-0.479
-4.469	-0.468
-4.469	-0.521
-4.469	-0.436
-4.469	-0.466
-4.469	-0.486
-4.469	-0.487
-4.469	-0.501
-4.469	-0.491
-4.469	-0.508
-4.469	-0.507
-4.469	-0.496
-4.469	-0.490
-4.469	-0.510
-4.469	-0.512
-4.257	-0.500
-4.257	-0.502
-4.257	-0.519
-4.257	-0.512
-4.257	-0.504
-4.257	-0.535
-4.257	-0.529
-4.257	-0.505
-4.257	-0.508
-4.257	-0.525
-4.257	-0.525
-4.257	-0.516
-4.257	-0.510
-4.257	-0.529
-4.257	-0.509
-4.257	-0.507
-4.257	-0.503
-4.259	-0.470
-4.259	-0.566
-4.259	-0.528
-4.259	-0.528
-4.259	-0.527
-4.259	-0.519
-4.259	-0.531
-4.259	-0.535
-4.259	-0.514
-4.259	-0.533
-4.259	-0.535
-4.259	-0.520
-4.259	-0.528
-4.259	-0.532
-4.259	-0.535
-4.259	-0.529
-4.259	-0.533
-4.259	-0.538
-4.259	-0.533
-4.259	-0.543
-4.259	-0.551
-4.259	-0.546
-4.259	-0.554
-4.259	-0.557
-4.259	-0.552
-4.259	-0.571
-4.259	-0.572
-4.259	-0.584
-4.259	-0.581
-4.259	-0.595
-4.259	-0.607
-4.259	-0.605
-4.135	-0.617
-4.135	-0.624
-4.135	-0.638
-4.135	-0.652
-4.135	-0.654
-4.135	-0.644
-4.135	-0.732
-4.135	-0.598
-4.135	-0.643
-4.135	-0.666
-4.135	-0.687
-4.135	-0.705
-4.135	-0.711
-4.135	-0.723
-3.822	-0.734
-3.822	-0.735
-3.822	-0.820
-3.822	-0.666
-3.822	-0.722
-3.822	-0.747
-3.822	-0.746
-3.822	-0.761
-3.822	-0.783
-3.822	-0.791
-3.822	-0.784
-3.822	-0.806
-3.822	-0.832
-3.822	-0.818
-3.822	-0.810
-3.822	-0.843
-3.822	-0.835
-3.822	-0.844
-3.369	-0.841
-3.369	-0.856
-3.369	-0.850
-3.369	-0.846
-3.369	-0.807
-3.369	-0.946
-3.369	-0.883
-3.369	-0.916
-3.369	-0.908
-3.369	-0.971
-3.369	-0.821
-3.369	-0.870
-3.369	-0.881
-3.369	-0.868
-3.369	-0.823
-3.185	-0.995
-3.185	-0.913
-3.185	-0.921
-3.185	-0.932
-3.185	-0.936
-3.185	-0.928
-3.185	-0.921
-3.185	-0.943
-3.185	-0.919
-3.185	-0.907
-3.185	-0.931
-3.185	-0.935
-3.185	-0.909
-3.185	-0.925
-3.185	-0.929
-3.185	-0.931
-3.185	-0.920
-3.183	-0.934
-3.183	-0.931
-3.183	-0.921
-3.183	-0.923
-3.183	-0.946
-3.183	-0.924
-3.183	-0.903
-3.183	-0.864
-3.183	-1.020
-3.183	-0.961
-3.183	-0.953
-3.183	-0.955
-3.183	-0.956
-3.183	-0.945
-3.183	-0.960
-3.182	-0.955
-3.182	-0.958
-3.182	-0.949
-3.182	-0.942
-3.182	-0.948
-3.182	-0.941
-3.182	-0.957
-3.182	-0.961
-3.182	-0.962
-3.182	-0.970
-3.182	-0.970
-3.182	-0.976
-3.182	-0.976
-3.182	-0.975
-3.182	-0.987
-3.182	-0.991
-3.182	-0.998
-3.180	-1.005
-3.180	-1.015
-3.180	-1.013
-3.180	-1.013
-3.180	-1.026
-3.180	-1.038
-3.180	-1.133
-3.180	-0.933
-3.180	-0.990
-3.180	-1.027
-3.180	-1.047
-3.180	-1.053
-3.180	-1.056
-3.180	-1.069
-3.180	-1.076
-2.850	-1.086
-2.850	-1.105
-2.850	-1.120
-2.850	-1.133
-2.850	-1.130
-2.850	-1.149
-2.850	-1.143
-2.850	-1.155
-2.850	-1.173
-2.850	-1.275
-2.850	-1.053
-2.850	-1.133
-2.850	-1.160
-2.850	-1.163
-2.850	-1.189
-2.850	-1.220
-2.850	-1.217
-2.519	-1.217
-2.519	-1.338
-2.519	-1.094
-2.519	-1.128
-2.519	-1.094
-2.519	-1.323
-2.519	-1.273
-2.519	-1.275
-2.519	-1.274
-2.519	-1.314
-2.519	-1.311
-2.519	-1.305
-2.519	-1.321
-2.519	-1.328
-2.519	-1.330
-2.519	-1.332
-2.104	-1.356
-2.104	-1.359
-2.104	-1.348
-2.104	-1.359
-2.104	-1.352
-2.104	-1.328
-2.104	-1.265
-2.104	-1.508
-2.104	-1.406
-2.104	-1.424
-2.104	-1.444
-2.104	-1.423
-2.104	-1.406
-2.104	-1.412
-2.104	-1.387
-2.104	-1.308
-2.104	-1.552
-1.978	-1.467
-1.978	-1.484
-1.978	-1.484
-1.978	-1.463
-1.978	-1.470
-1.978	-1.476
-1.978	-1.449
-1.978	-1.466
-1.978	-1.473
-1.978	-1.450
-1.978	-1.465
-1.978	-1.464
-1.978	-1.468
-1.978	-1.443
-1.978	-1.461
-1.978	-1.456
-1.978	-1.457
-1.978	-1.451
-1.978	-1.452
-1.978	-1.458
-1.978	-1.443
-1.978	-1.451
-1.978	-1.446
-1.978	-1.445
-1.978	-1.437
-1.978	-1.438
-1.978	-1.449
-1.978	-1.446
-1.978	-1.439
-1.978	-1.449
-1.978	-1.439
-1.978	-1.437
-2.031	-1.434
-2.031	-1.459
-2.031	-1.460
-2.031	-1.458
-2.031	-1.459
-2.031	-1.464
-2.031	-1.474
-2.031	-1.473
-2.031	-1.481
-2.031	-1.496
-2.031	-1.496
-2.031	-1.507
-2.031	-1.503
-2.031	-1.531
-2.031	-1.541
-1.793	-1.537
-1.793	-1.552
-1.793	-1.564
-1.793	-1.576
-1.793	-1.581
-1.793	-1.605
-1.793	-1.614
-1.793	-1.634
-1.793	-1.642
-1.793	-1.650
-1.793	-1.670
-1.793	-1.691
-1.793	-1.690
-1.793	-1.724
-1.793	-1.740
-1.793	-1.733
-1.793	-1.746
-1.468	-1.767
-1.468	-1.780
-1.468	-1.794
-1.468	-1.808
-1.468	-1.806
-1.468	-1.838
-1.468	-1.834
-1.468	-1.851
-1.468	-1.863
-1.468	-2.014
-1.468	-1.680
-1.468	-1.778
-1.468	-1.825
-1.468	-1.868
-1.085	-1.875
-1.085	-2.015
-1.085	-1.692
-1.085	-1.782
-1.085	-1.821
-1.085	-1.844
-1.085	-1.858
-1.085	-1.865
-1.085	-1.871
-1.085	-1.871
-1.085	-1.884
-1.085	-1.886
-1.085	-1.883
-1.085	-1.886
-1.085	-2.039
-1.085	-1.698
-1.085	-1.779
-1.085	-1.830
-1.085	-1.855
-0.832	-1.983
-0.832	-1.656
-0.832	-1.748
-0.832	-1.783
-0.832	-1.783
-0.832	-1.753
-0.832	-1.660
-0.832	-1.995
-0.832	-1.861
-0.832	-1.853
-0.832	-1.838
-0.832	-1.789
-0.832	-1.703
-0.832	-2.037
-0.832	-2.049
-0.832	-1.698
-0.833	-1.802
-0.833	-1.842
-0.833	-1.853
-0.833	-1.862
-0.833	-1.877
-0.833	-1.864
-0.833	-1.866
-0.833	-1.836
-0.833	-1.800
-0.833	-1.712
-0.833	-2.041
-0.833	-1.905
-0.833	-1.885
-0.833	-1.851
-0.833	-1.762
-0.833	-2.095
-0.833	-1.957
-0.835	-1.965
-0.835	-1.957
-0.835	-1.956
-0.835	-1.963
-0.835	-1.976
-0.835	-1.961
-0.835	-1.957
-0.835	-1.954
-0.835	-1.962
-0.835	-1.942
-0.835	-1.912
-0.835	-1.820
-0.835	-2.167
-0.835	-2.026
-0.835	-2.037
-0.836	-2.058
-0.836	-2.054
-0.836	-2.051
-0.836	-2.070
-0.836	-2.073
-0.836	-2.076
-0.836	-2.079
-0.836	-2.086
-0.836	-2.107
-0.836	-2.118
-0.836	-2.135
-0.836	-2.133
-0.836	-2.142
-0.836	-2.162
-0.836	-2.173
-0.836	-2.175
-0.836	-2.196
-0.523	-2.223
-0.523	-2.235
-0.523	-2.231
-0.523	-2.259
-0.523	-2.274
-0.523	-2.287
-0.523	-2.294
-0.523	-2.308
-0.523	-2.320
-0.523	-2.334
-0.523	-2.348
-0.523	-2.369
-0.523	-2.362
-0.523	-2.377
-0.523	-2.393
-0.218	-2.399
-0.218	-2.400
-0.218	-2.430
-0.218	-2.432
-0.218	-2.448
-0.218	-2.463
-0.218	-2.483
-0.218	-2.491
-0.218	-2.483
-0.218	-2.511
-0.218	-2.542
-0.218	-2.539
-0.218	-2.552
-0.218	-2.573
-0.218	-2.570
-0.218	-2.582
-0.218	-2.585
0.081	-2.609
0.081	-2.603
0.081	-2.626
0.081	-2.643
0.081	-2.647
0.081	-2.643
0.081	-2.665
0.081	-2.669
0.081	-2.667
0.081	-2.673
0.081	-2.695
0.081	-2.685
0.081	-2.691
0.081	-2.713
0.081	-2.713
0.320	-2.697
0.320	-2.725
0.320	-2.726
0.320	-2.721
0.320	-2.709
0.320	-2.733
0.320	-2.734
0.320	-2.718
0.320	-2.712
0.320	-2.721
0.320	-2.726
0.320	-2.717
0.320	-2.722
0.320	-2.714
0.320	-2.711
0.320	-2.720
0.320	-2.728
0.319	-2.700
0.319	-2.692
0.319	-2.708
0.319	-2.702
0.319	-2.684
0.319	-2.691
0.319	-2.703
0.319	-2.705
0.319	-2.704
0.319	-2.716
0.319	-2.723
0.319	-2.705
0.319	-2.727
0.319	-2.735
0.287	-2.733
0.287	-2.737
0.287	-2.750
0.287	-2.756
0.287	-2.741
0.287	-2.763
0.287	-2.771
0.287	-2.772
0.287	-2.792
0.287	-2.801
0.287	-2.805
0.287	-2.817
0.287	-2.820
0.287	-2.844
0.287	-2.847
0.287	-2.855
0.287	-2.880
0.592	-2.890
0.592	-2.897
0.592	-2.907
0.592	-2.929
0.592	-2.962
0.592	-2.966
0.592	-2.980
0.592	-2.999
0.592	-3.017
0.592	-3.015
0.592	-3.030
0.592	-3.053
0.592	-3.058
0.592	-3.058
0.592	-3.086
0.897	-3.104
0.897	-3.108
0.897	-3.125
0.897	-3.146
0.897	-3.148
0.897	-3.162
0.897	-3.396
0.897	-2.843
0.897	-3.025
0.897	-3.084
0.897	-3.130
0.897	-3.366
0.897	-2.805
0.897	-2.979
0.897	-3.035
0.897	-3.079
0.897	-3.101
0.897	-3.125
0.897	-3.123
1.213	-3.104
1.213	-3.127
1.213	-3.124
1.213	-3.123
1.213	-3.119
1.213	-3.144
1.213	-3.145
1.213	-3.130
1.213	-3.162
1.213	-3.169
1.213	-3.149
1.213	-3.176
1.213	-3.189
1.213	-3.185
1.213	-3.171
1.355	-3.173
1.355	-3.108
1.355	-2.953
1.355	-3.513
1.355	-3.286
1.355	-3.263
1.355	-3.191
1.355	-3.050
1.355	-3.609
1.355	-3.377
1.355	-3.392
1.355	-3.378
1.355	-3.378
1.355	-3.371
1.355	-3.379
1.355	-3.369
1.355	-3.362
1.353	-3.376
1.353	-3.362
1.353	-3.356
1.353	-3.358
1.353	-3.363
1.353	-3.361
1.353	-3.348
1.353	-3.366
1.353	-3.377
1.353	-3.346
1.353	-3.367
1.353	-3.379
1.353	-3.370
1.353	-3.379
1.352	-3.388
1.352	-3.386
1.352	-3.398
1.352	-3.402
1.352	-3.409
1.352	-3.420
1.352	-3.425
1.352	-3.443
1.352	-3.462
1.352	-3.465
1.352	-3.477
1.352	-3.484
1.352	-3.516
1.352	-3.510
1.352	-3.781
1.352	-3.159
1.352	-3.333
1.352	-3.435
1.352	-3.491
1.642	-3.505
1.642	-3.524
1.642	-3.543
1.642	-3.561
1.642	-3.569
1.642	-3.572
1.642	-3.623
1.642	-3.615
1.642	-3.623
1.642	-3.636
1.642	-3.658
1.642	-3.671
1.642	-3.689
1.642	-3.690
1.642	-3.714
2.022	-3.740
2.022	-3.750
2.022	-3.762
2.022	-3.787
2.022	-3.786
2.022	-3.816
2.022	-3.823
2.022	-3.822
2.022	-3.787
2.022	-3.741
2.022	-3.581
2.022	-4.224
2.022	-3.986
2.022	-3.997
2.022	-4.002
2.022	-4.016
2.264	-4.291
2.264	-3.612
2.264	-3.799
2.264	-3.890
2.264	-3.929
2.264	-3.926
2.264	-3.942
2.264	-3.956
2.264	-3.966
2.264	-3.946
2.264	-3.956
2.264	-3.965
2.264	-3.967
2.264	-3.961
2.264	-3.964
2.264	-3.968
2.364	-3.970
2.364	-3.967
2.364	-3.980
2.364	-3.971
2.364	-3.984
2.364	-3.992
2.364	-3.990
2.364	-3.993
2.364	-4.004
2.364	-4.009
2.364	-4.008
2.364	-3.988
2.364	-3.947
2.364	-3.879
2.364	-3.700
2.364	-4.384
2.364	-4.112
2.365	-4.108
2.365	-4.113
2.365	-4.108
2.365	-4.117
2.365	-4.096
2.365	-4.097
2.365	-4.104
2.365	-4.103
2.365	-4.095
2.365	-4.089
2.365	-4.090
2.365	-4.096
2.365	-4.087
2.365	-4.089
2.365	-4.092
2.365	-4.085
2.365	-4.084
2.365	-4.069
2.365	-4.081
2.365	-4.091
2.365	-4.082
2.365	-4.083
2.365	-4.071
2.365	-4.072
2.365	-4.081
2.365	-4.084
2.365	-4.078
2.365	-4.089
2.365	-4.089
2.365	-4.089
2.365	-4.092
2.365	-4.089
2.367	-4.094
2.367	-4.093
2.367	-4.115
2.367	-4.111
2.367	-4.118
2.367	-4.110
2.367	-4.120
2.367	-4.125
2.367	-4.122
2.367	-4.131
2.367	-4.154
2.367	-4.421
2.367	-3.719
2.367	-3.906
2.367	-4.002
2.481	-4.053
2.481	-4.054
2.481	-4.058
2.481	-4.069
2.481	-4.066
2.481	-4.082
2.481	-4.073
2.481	-4.075
2.481	-4.086
2.481	-4.098
2.481	-4.085
2.481	-4.094
2.481	-4.102
2.481	-4.108
2.481	-4.111
2.481	-4.129
2.481	-4.140
2.562	-4.151
2.562	-4.159
2.562	-4.167
2.562	-4.190
2.562	-4.191
2.562	-4.202
2.562	-4.207
2.562	-4.183
2.562	-4.090
2.562	-4.203
2.562	-4.173
2.562	-4.110
2.562	-4.193
2.562	-4.230
2.562	-4.267
2.562	-4.264
2.562	-4.268
2.562	-4.271
2.791	-4.270
2.791	-4.279
2.791	-4.296
2.791	-4.290
2.791	-4.286
2.791	-4.294
2.791	-4.294
2.791	-4.304
2.791	-4.315
2.791	-4.339
2.791	-4.333
2.791	-4.337
2.791	-4.345
2.791	-4.356
2.895	-4.360
2.895	-4.369
2.895	-4.385
2.895	-4.392
2.895	-4.377
2.895	-4.333
2.895	-4.268
2.895	-4.084
2.895	-4.824
2.895	-4.549
2.895	-4.553
2.895	-4.558
2.895	-4.554
2.895	-4.578
2.895	-4.576
3.012	-4.583
3.012	-4.596
3.012	-4.904
3.012	-4.117
3.012	-4.341
3.012	-4.420
3.012	-4.480
3.012	-4.501
3.012	-4.508
3.012	-4.504
3.012	-4.505
3.012	-4.503
3.012	-4.509
3.012	-4.503
3.111	-4.514
3.111	-4.502
3.111	-4.507
3.111	-4.514
3.111	-4.506
3.111	-4.502
3.111	-4.512
3.111	-4.512
3.111	-4.520
3.111	-4.536
3.111	-4.532
3.111	-4.542
3.111	-4.551
3.111	-4.552
3.111	-4.537
3.143	-4.540
3.143	-4.491
3.143	-4.393
3.143	-4.196
3.143	-4.973
3.143	-4.660
3.143	-4.676
3.143	-4.663
3.143	-4.658
3.143	-4.654
3.143	-4.653
3.143	-4.647
3.143	-4.649
3.143	-4.649
3.143	-4.644
3.143	-4.631
3.143	-4.645
3.116	-4.638
3.116	-4.927
3.116	-4.166
3.116	-4.376
3.116	-4.461
3.116	-4.503
3.116	-4.515
3.116	-4.523
3.116	-4.530
3.116	-4.523
3.116	-4.522
3.116	-4.516
3.116	-4.526
3.116	-4.520
3.116	-4.534
3.159	-4.544
3.159	-4.547
3.159	-4.552
3.159	-4.564
3.159	-4.582
3.159	-4.595
3.159	-4.616
3.159	-4.623
3.159	-4.642
3.159	-4.652
3.159	-4.677
3.159	-4.680
3.159	-4.696
3.159	-4.704
3.159	-4.681
3.159	-4.601
3.159	-4.417
3.380	-5.200
3.380	-4.925
3.380	-4.942
3.380	-4.945
3.380	-4.961
3.380	-4.969
3.380	-4.984
3.380	-4.993
3.380	-5.002
3.380	-5.023
3.380	-5.024
3.380	-5.041
3.380	-5.045
3.380	-5.056
3.641	-5.070
3.641	-5.094
3.641	-5.105
3.641	-5.096
3.641	-5.113
3.641	-5.122
3.641	-5.137
3.641	-5.145
3.641	-5.157
3.641	-5.161
3.641	-5.173
3.641	-5.188
3.641	-5.196
3.641	-5.197
3.641	-5.213
3.641	-5.227
3.641	-5.241
3.838	-5.232
3.838	-5.243
3.838	-5.266
3.838	-5.269
3.838	-5.277
3.838	-5.286
3.838	-5.298
3.838	-5.305
3.838	-5.308
3.838	-5.320
3.838	-5.320
3.838	-5.339
3.838	-5.338
3.838	-5.346
3.838	-5.346
3.989	-5.351
3.989	-5.360
3.989	-5.360
3.989	-5.369
3.989	-5.368
3.989	-5.366
3.989	-5.368
3.989	-5.372
3.989	-5.393
3.989	-5.381
3.989	-5.388
3.989	-5.386
3.989	-5.389
3.989	-5.388
3.989	-5.380
4.045	-5.389
4.045	-5.397
4.045	-5.389
4.045	-5.395
4.045	-5.385
4.045	-5.383
4.045	-5.377
4.045	-5.377
4.045	-5.383
4.045	-5.377
4.045	-5.373
4.045	-5.376
4.045	-5.381
4.045	-5.368
4.045	-5.368
4.045	-5.366
4.045	-5.374
4.044	-5.365
4.044	-5.363
4.044	-5.365
4.044	-5.370
4.044	-5.387
4.044	-5.383
4.044	-5.740
4.044	-4.833
4.044	-5.071
4.044	-5.191
4.044	-5.228
4.044	-5.249
4.044	-5.258
4.044	-5.258
4.044	-5.263
4.044	-5.261
4.044	-5.248
4.044	-5.267
4.044	-5.274
4.044	-5.275
4.044	-5.279
4.044	-5.281
4.044	-5.289
4.044	-5.301
4.044	-5.304
4.044	-5.318
4.044	-5.342
4.044	-5.353
4.044	-5.357
4.044	-5.366
4.044	-5.387
4.208	-5.397
4.208	-5.414
4.208	-5.400
4.208	-5.348
4.208	-5.271
4.208	-5.018
4.208	-5.932
4.208	-5.586
4.208	-5.590
4.208	-5.603
4.208	-5.600
4.208	-5.609
4.208	-5.607
4.208	-5.613
4.208	-5.620
4.298	-5.640
4.298	-5.615
4.298	-5.619
4.298	-5.641
4.298	-5.636
4.298	-5.639
4.298	-5.651
4.298	-5.640
4.298	-5.667
4.298	-5.657
4.298	-5.652
4.298	-5.655
4.298	-5.675
4.298	-5.675
4.298	-5.686
4.298	-5.681
4.298	-5.689
4.349	-5.695
4.349	-5.702
4.349	-5.691
4.349	-5.715
4.349	-5.715
4.349	-5.722
4.349	-5.732
4.349	-5.734
4.349	-5.734
4.349	-5.740
4.349	-5.760
4.349	-5.753
4.349	-5.760
4.349	-5.758
4.349	-6.161
4.514	-5.188
4.514	-5.436
4.514	-5.561
4.514	-5.616
4.514	-5.628
4.514	-5.641
4.514	-5.621
4.514	-5.637
4.514	-5.639
4.514	-6.007
4.514	-5.035
4.514	-5.286
4.514	-5.388
4.514	-5.447
4.514	-5.461
4.514	-5.471
4.514	-5.466
4.514	-5.468
4.613	-5.456
4.613	-5.467
4.613	-5.469
4.613	-5.463
4.613	-5.464
4.613	-5.475
4.613	-5.473
4.613	-5.454
4.613	-5.435
4.613	-5.399
4.613	-5.289
4.613	-5.030
4.613	-6.006
4.613	-5.630
4.613	-5.627
4.564	-5.637
4.564	-5.644
4.564	-5.646
4.564	-5.635
4.564	-5.577
4.564	-5.467
4.564	-5.222
4.564	-6.200
4.564	-5.832
4.564	-5.838
4.564	-5.834
4.564	-5.834
4.564	-5.842
4.564	-5.855
4.564	-5.852
4.564	-5.869
4.564	-5.868
4.619	-5.870
4.619	-5.880
4.619	-5.884
4.619	-5.897
4.619	-5.906
4.619	-5.924
4.619	-5.937
4.619	-5.944
4.619	-5.949
4.619	-5.970
4.619	-5.976
4.619	-5.998
4.619	-6.012
4.619	-6.017
4.619	-6.034
4.826	-6.043
4.826	-6.053
4.826	-6.071
4.826	-6.078
4.826	-6.083
4.826	-6.091
4.826	-6.103
4.826	-6.111
4.826	-6.125
4.826	-6.135
4.826	-6.139
4.826	-6.150
4.826	-6.159
4.826	-6.570
4.826	-5.543
4.826	-5.819
4.826	-5.942
5.022	-6.008
5.022	-6.025
5.022	-6.032
5.022	-6.041
5.022	-6.045
5.022	-6.048
5.022	-6.051
5.022	-6.046
5.022	-6.060
5.022	-6.048
5.022	-6.058
5.022	-6.063
5.022	-6.063
5.022	-6.072
5.022	-6.081
5.127	-6.090
5.127	-6.113
5.127	-6.130
5.127	-6.121
5.127	-6.132
5.127	-6.145
5.127	-6.148
5.127	-6.151
5.127	-6.142
5.127	-6.088
5.127	-6.375
5.127	-5.047
5.127	-6.375
5.127	-6.095
5.127	-6.146
5.127	-6.174
5.127	-6.184
5.127	-6.174
5.219	-6.585
5.219	-5.522
5.219	-5.792
5.219	-5.917
5.219	-5.957
5.219	-5.974
5.219	-5.979
5.219	-5.966
5.219	-5.968
5.219	-5.961
5.219	-5.955
5.219	-5.946
5.219	-5.955
5.219	-5.946
5.219	-5.947
5.219	-5.955
5.217	-5.953
5.217	-5.951
5.217	-5.955
5.217	-5.931
5.217	-5.879
5.217	-5.765
5.217	-5.501
5.217	-6.560
5.217	-6.138
5.217	-6.143
5.217	-6.139
5.217	-6.113
5.217	-6.068
5.217	-5.953
5.217	-6.085
5.217	-6.084
