4.068	-0.161
-6.957	0.255
-6.957	0.139
-6.957	0.097
-6.957	0.076
-6.957	0.068
-6.957	0.072
-6.957	0.073
-6.957	0.067
-6.957	0.078
-6.957	0.072
-6.957	0.076
-6.955	0.079
-6.955	0.080
-6.955	0.077
-6.955	0.078
-6.955	0.083
-6.955	0.077
-6.955	0.082
-6.955	0.076
-6.955	0.075
-6.955	0.072
-6.955	0.068
-6.955	0.060
-6.955	0.060
-6.955	0.061
-6.955	0.062
-6.955	0.068
-6.955	0.098
-6.955	0.134
-6.955	0.240
-6.955	-0.170
-6.955	-0.004
-6.955	-0.007
-6.955	-0.007
-6.955	-0.006
-6.955	-0.012
-6.955	-0.018
-6.955	-0.007
-6.955	-0.021
-6.955	-0.007
-6.955	-0.018
-6.955	-0.021
-6.955	-0.017
-6.955	-0.012
-6.955	-0.016
-6.955	-0.011
-6.957	-0.009
-6.957	-0.017
-6.957	-0.016
-6.957	-0.024
-6.957	-0.011
-6.957	-0.012
-6.957	-0.007
-6.957	-0.008
-6.957	-0.013
-6.957	-0.013
-6.957	-0.015
-6.957	-0.025
-6.957	-0.002
-6.957	-0.006
-6.957	-0.014
-6.957	-0.003
-6.957	-0.011
-6.957	-0.012
-6.957	-0.007
-6.957	-0.010
-6.957	-0.004
-6.957	-0.009
-6.957	-0.006
-6.957	-0.010
-6.957	0.006
-6.957	-0.002
-6.957	0.002
-6.957	0.009
-6.957	0.001
-6.957	-0.003
-6.957	0.004
-6.957	-0.002
-6.955	0.006
-6.955	0.012
-6.955	-0.002
-6.955	0.004
-6.955	0.001
-6.955	-0.002
-6.955	-0.000
-6.955	0.003
-6.955	-0.002
-6.955	-0.003
-6.955	-0.013
-6.955	-0.002
-6.955	-0.007
-6.955	-0.019
-6.955	-0.014
-6.914	-0.018
-6.914	-0.022
-6.914	-0.024
-6.914	-0.023
-6.914	-0.025
-6.914	-0.020
-6.914	-0.018
-6.914	-0.027
-6.914	-0.027
-6.914	-0.036
-6.914	-0.045
-6.914	-0.030
-6.914	-0.036
-6.914	-0.041
-6.914	-0.042
-6.914	-0.039
-6.914	-0.048
-6.912	-0.041
-6.912	-0.052
-6.912	-0.051
-6.912	-0.055
-6.912	-0.049
-6.912	-0.053
-6.912	-0.038
-6.912	-0.039
-6.912	-0.041
-6.912	-0.052
-6.912	-0.043
-6.912	-0.038
-6.912	-0.040
-6.912	-0.043
-6.912	-0.039
-6.883	-0.033
-6.883	-0.045
-6.883	-0.040
-6.883	-0.048
-6.883	-0.061
-6.883	-0.050
-6.883	-0.042
-6.883	-0.040
-6.883	-0.042
-6.883	-0.045
-6.883	-0.042
-6.883	-0.039
-6.883	-0.038
-6.883	-0.051
-6.883	-0.036
-6.883	-0.039
-6.883	-0.041
-6.929	-0.037
-6.929	-0.038
-6.929	-0.044
-6.929	-0.041
-6.929	-0.050
-6.929	-0.050
-6.929	-0.045
-6.929	-0.038
-6.929	-0.051
-6.929	-0.057
-6.929	-0.046
-6.929	-0.048
-6.929	-0.057
-6.929	-0.049
-6.929	-0.042
-6.929	-0.053
-6.813	-0.047
-6.813	-0.046
-6.813	-0.048
-6.813	-0.050
-6.813	-0.049
-6.813	-0.047
-6.813	-0.046
-6.813	-0.048
-6.813	-0.049
-6.813	-0.046
-6.813	-0.052
-6.813	-0.059
-6.813	-0.061
-6.813	-0.059
-6.813	-0.061
-6.813	-0.049
-6.587	-0.049
-6.587	-0.042
-6.587	-0.031
-6.587	-0.048
-6.587	-0.050
-6.587	-0.052
-6.587	-0.038
-6.587	-0.038
-6.587	-0.049
-6.587	-0.042
-6.587	-0.035
-6.587	-0.051
-6.587	-0.044
-6.587	-0.034
-6.587	-0.049
-6.587	-0.044
-6.383	-0.042
-6.383	-0.037
-6.383	-0.049
-6.383	-0.055
-6.383	-0.054
-6.383	-0.056
-6.383	-0.065
-6.383	-0.067
-6.383	-0.058
-6.383	-0.077
-6.383	-0.070
-6.383	-0.072
-6.383	-0.079
-6.383	-0.090
-6.383	-0.103
-6.383	-0.119
-6.131	-0.123
-6.131	-0.123
-6.131	-0.131
-6.131	-0.132
-6.131	-0.148
-6.131	-0.161
-6.131	-0.166
-6.131	-0.175
-6.131	-0.189
-6.131	-0.190
-6.131	-0.203
-6.131	-0.215
-6.131	-0.208
-6.131	-0.216
-6.131	-0.224
-5.808	-0.239
-5.808	-0.229
-5.808	-0.226
-5.808	-0.240
-5.808	-0.246
-5.808	-0.239
-5.808	-0.251
-5.808	-0.264
-5.808	-0.251
-5.808	-0.264
-5.808	-0.269
-5.808	-0.275
-5.808	-0.269
-5.808	-0.260
-5.808	-0.269
-5.808	-0.278
-5.808	-0.262
-5.768	-0.276
-5.768	-0.282
-5.768	-0.275
-5.768	-0.272
-5.768	-0.272
-5.768	-0.277
-5.768	-0.270
-5.768	-0.270
-5.768	-0.269
-5.768	-0.268
-5.768	-0.264
-5.768	-0.265
-5.768	-0.271
-5.768	-0.264
-5.768	-0.269
-5.766	-0.263
-5.766	-0.258
-5.766	-0.267
-5.766	-0.279
-5.766	-0.266
-5.766	-0.271
-5.766	-0.279
-5.766	-0.287
-5.766	-0.235
-5.766	-0.250
-5.766	-0.262
-5.766	-0.265
-5.766	-0.262
-5.766	-0.276
-5.766	-0.282
-5.766	-0.270
-5.766	-0.276
-5.766	-0.288
-5.768	-0.281
-5.768	-0.295
-5.768	-0.300
-5.768	-0.306
-5.768	-0.311
-5.768	-0.317
-5.768	-0.321
-5.768	-0.328
-5.768	-0.341
-5.768	-0.357
-5.768	-0.353
-5.768	-0.376
-5.768	-0.387
-5.768	-0.411
-5.768	-0.401
-5.487	-0.454
-5.487	-0.371
-5.487	-0.394
-5.487	-0.416
-5.487	-0.465
-5.487	-0.416
-5.487	-0.443
-5.487	-0.460
-5.487	-0.480
-5.487	-0.491
-5.487	-0.488
-5.487	-0.508
-5.487	-0.519
-5.487	-0.540
-5.487	-0.540
-5.487	-0.554
-5.487	-0.559
-5.487	-0.565
-5.135	-0.578
-5.135	-0.581
-5.135	-0.609
-5.135	-0.616
-5.135	-0.641
-5.135	-0.643
-5.135	-0.644
-5.135	-0.658
-5.135	-0.669
-5.135	-0.675
-5.135	-0.670
-5.135	-0.691
-5.135	-0.672
-5.135	-0.762
-4.654	-0.731
-4.654	-0.730
-4.654	-0.713
-4.654	-0.818
-4.654	-0.789
-4.654	-0.803
-4.654	-0.803
-4.654	-0.813
-4.654	-0.831
-4.654	-0.832
-4.654	-0.836
-4.654	-0.845
-4.654	-0.857
-4.654	-0.863
-4.654	-0.869
-4.654	-0.880
-4.654	-0.883
-4.314	-0.885
-4.314	-0.880
-4.314	-0.890
-4.314	-0.878
-4.314	-0.885
-4.314	-0.896
-4.314	-0.902
-4.314	-0.892
-4.314	-0.914
-4.314	-0.909
-4.314	-0.890
-4.314	-0.900
-4.314	-0.920
-4.314	-0.914
-4.314	-0.907
-4.210	-0.910
-4.210	-0.923
-4.210	-0.905
-4.210	-0.914
-4.210	-0.926
-4.210	-0.923
-4.210	-0.916
-4.210	-0.921
-4.210	-0.982
-4.210	-0.820
-4.210	-0.866
-4.210	-0.881
-4.210	-0.869
-4.210	-0.875
-4.210	-0.878
-4.210	-0.876
-4.210	-0.935
-4.210	-0.785
-4.210	-0.833
-4.210	-0.847
-4.210	-0.837
-4.210	-0.843
-4.210	-0.848
-4.210	-0.849
-4.210	-0.851
-4.210	-0.849
-4.210	-0.841
-4.210	-0.829
-4.210	-0.826
-4.210	-0.837
-4.210	-0.846
-4.210	-0.835
-4.210	-0.847
-4.210	-0.847
-4.208	-0.843
-4.208	-0.834
-4.208	-0.840
-4.208	-0.837
-4.208	-0.793
-4.208	-0.937
-4.208	-0.895
-4.208	-0.893
-4.208	-0.905
-4.208	-0.898
-4.208	-0.907
-4.208	-0.899
-4.208	-0.861
-4.208	-1.089
-4.208	-0.850
-4.208	-0.899
-4.208	-0.947
-4.208	-0.959
-4.039	-0.961
-4.039	-0.963
-4.039	-0.981
-4.039	-0.996
-4.039	-0.998
-4.039	-1.013
-4.039	-1.020
-4.039	-1.033
-4.039	-1.017
-4.039	-1.043
-4.039	-1.060
-4.039	-1.068
-4.039	-1.080
-4.039	-1.090
-4.039	-1.095
-3.604	-1.095
-3.604	-1.108
-3.604	-1.134
-3.604	-1.134
-3.604	-1.141
-3.604	-1.147
-3.604	-1.167
-3.604	-1.164
-3.604	-1.158
-3.604	-1.149
-3.604	-1.112
-3.604	-1.312
-3.604	-1.252
-3.604	-1.252
-3.604	-1.277
-3.604	-1.273
-3.604	-1.273
-3.180	-1.291
-3.180	-1.289
-3.180	-1.295
-3.180	-1.320
-3.180	-1.330
-3.180	-1.327
-3.180	-1.356
-3.180	-1.360
-3.180	-1.357
-3.180	-1.356
-3.180	-1.375
-3.180	-1.396
-3.180	-1.390
-3.180	-1.403
-3.180	-1.419
-2.924	-1.406
-2.924	-1.419
-2.924	-1.441
-2.924	-1.450
-2.924	-1.443
-2.924	-1.451
-2.924	-1.471
-2.924	-1.472
-2.924	-1.472
-2.924	-1.477
-2.924	-1.487
-2.924	-1.494
-2.924	-1.480
-2.924	-1.501
-2.924	-1.507
-2.924	-1.488
-2.924	-1.506
-2.657	-1.514
-2.657	-1.501
-2.657	-1.508
-2.657	-1.506
-2.657	-1.514
-2.657	-1.505
-2.657	-1.510
-2.657	-1.517
-2.657	-1.514
-2.657	-1.508
-2.657	-1.513
-2.657	-1.511
-2.657	-1.507
-2.657	-1.512
-2.657	-1.506
-2.655	-1.498
-2.655	-1.490
-2.655	-1.505
-2.655	-1.505
-2.655	-1.499
-2.655	-1.499
-2.655	-1.501
-2.655	-1.492
-2.655	-1.497
-2.655	-1.493
-2.655	-1.502
-2.655	-1.501
-2.655	-1.500
-2.655	-1.505
-2.655	-1.501
-2.655	-1.496
-2.657	-1.494
-2.657	-1.497
-2.657	-1.498
-2.657	-1.495
-2.657	-1.503
-2.657	-1.498
-2.657	-1.501
-2.657	-1.497
-2.657	-1.505
-2.657	-1.504
-2.657	-1.507
-2.657	-1.515
-2.657	-1.527
-2.657	-1.521
-2.657	-1.518
-2.631	-1.530
-2.631	-1.526
-2.631	-1.531
-2.631	-1.546
-2.631	-1.550
-2.631	-1.554
-2.631	-1.562
-2.631	-1.564
-2.631	-1.569
-2.631	-1.562
-2.631	-1.571
-2.631	-1.588
-2.631	-1.596
-2.631	-1.599
-2.631	-1.620
-2.631	-1.740
-2.631	-1.446
-2.631	-1.545
-2.356	-1.576
-2.356	-1.602
-2.356	-1.623
-2.356	-1.640
-2.356	-1.651
-2.356	-1.657
-2.356	-1.666
-2.356	-1.677
-2.356	-1.677
-2.356	-1.677
-2.356	-1.703
-2.356	-1.719
-2.356	-1.725
-2.356	-1.733
-1.875	-1.751
-1.875	-1.754
-1.875	-1.760
-1.875	-1.782
-1.875	-1.798
-1.875	-1.808
-1.875	-1.806
-1.875	-1.847
-1.875	-1.855
-1.875	-1.849
-1.875	-1.861
-1.875	-1.862
-1.875	-1.834
-1.875	-1.764
-1.875	-2.079
-1.875	-1.972
-1.875	-1.989
-1.875	-1.987
-1.546	-1.996
-1.546	-2.002
-1.546	-2.007
-1.546	-2.020
-1.546	-2.038
-1.546	-2.050
-1.546	-2.049
-1.546	-2.056
-1.546	-2.054
-1.546	-2.067
-1.546	-2.069
-1.546	-2.077
-1.546	-2.076
-1.546	-2.090
-1.276	-2.096
-1.276	-2.091
-1.276	-2.091
-1.276	-2.095
-1.276	-2.108
-1.276	-2.104
-1.276	-2.099
-1.276	-2.113
-1.276	-2.108
-1.276	-2.108
-1.276	-2.106
-1.276	-2.112
-1.276	-2.105
-1.276	-2.104
-1.276	-2.098
-1.276	-2.113
-1.276	-2.112
-1.234	-2.106
-1.234	-2.118
-1.234	-2.113
-1.234	-2.099
-1.234	-2.087
-1.234	-2.101
-1.234	-2.100
-1.234	-2.100
-1.234	-2.096
-1.234	-2.099
-1.234	-2.102
-1.234	-2.102
-1.234	-2.097
-1.234	-2.096
-1.234	-2.097
-1.236	-2.098
-1.236	-2.101
-1.236	-2.097
-1.236	-2.086
-1.236	-2.101
-1.236	-2.083
-1.236	-2.090
-1.236	-2.092
-1.236	-2.090
-1.236	-2.224
-1.236	-1.874
-1.236	-1.961
-1.236	-2.011
-1.236	-2.026
-1.236	-2.025
-1.236	-2.038
-1.236	-2.031
-1.236	-2.034
-1.291	-2.035
-1.291	-2.040
-1.291	-2.048
-1.291	-2.048
-1.291	-2.048
-1.291	-2.059
-1.291	-2.062
-1.291	-2.058
-1.291	-2.076
-1.291	-2.073
-1.291	-2.090
-1.291	-2.088
-1.291	-2.114
-1.291	-2.127
-1.291	-2.138
-1.038	-2.144
-1.038	-2.159
-1.038	-2.176
-1.038	-2.175
-1.038	-2.165
-1.038	-2.139
-1.038	-2.072
-1.038	-2.424
-1.038	-2.305
-1.038	-2.316
-1.038	-2.321
-1.038	-2.342
-1.038	-2.343
-1.038	-2.355
-1.038	-2.380
-1.038	-2.387
-1.038	-2.394
-0.691	-2.402
-0.691	-2.420
-0.691	-2.434
-0.691	-2.432
-0.691	-2.449
-0.691	-2.467
-0.691	-2.468
-0.691	-2.485
-0.691	-2.506
-0.691	-2.512
-0.691	-2.502
-0.691	-2.517
-0.691	-2.537
-0.691	-2.545
-0.691	-2.548
-0.420	-2.566
-0.420	-2.586
-0.420	-2.581
-0.420	-2.602
-0.420	-2.598
-0.420	-2.611
-0.420	-2.624
-0.420	-2.634
-0.420	-2.636
-0.420	-2.647
-0.420	-2.657
-0.420	-2.667
-0.420	-2.665
-0.420	-2.683
-0.420	-2.686
-0.140	-2.682
-0.140	-2.699
-0.140	-2.702
-0.140	-2.717
-0.140	-2.703
-0.140	-2.713
-0.140	-2.720
-0.140	-2.717
-0.140	-2.716
-0.140	-2.730
-0.140	-2.738
-0.140	-2.728
-0.140	-2.730
-0.140	-2.734
-0.140	-2.735
-0.140	-2.732
-0.140	-2.722
-0.081	-2.741
-0.081	-2.726
-0.081	-2.734
-0.081	-2.728
-0.081	-2.732
-0.081	-2.719
-0.081	-2.724
-0.081	-2.727
-0.081	-2.718
-0.081	-2.715
-0.081	-2.720
-0.081	-2.721
-0.081	-2.719
-0.081	-2.725
-0.082	-2.889
-0.082	-2.440
-0.082	-2.551
-0.082	-2.615
-0.082	-2.795
-0.082	-2.357
-0.082	-2.483
-0.082	-2.530
-0.082	-2.544
-0.082	-2.541
-0.082	-2.546
-0.082	-2.537
-0.082	-2.533
-0.082	-2.531
-0.082	-2.529
-0.082	-2.527
-0.082	-2.520
-0.082	-2.514
-0.082	-2.518
-0.082	-2.527
-0.082	-2.518
-0.082	-2.536
-0.082	-2.539
-0.082	-2.541
-0.082	-2.552
-0.082	-2.563
-0.082	-2.563
-0.082	-2.562
-0.082	-2.543
-0.082	-2.485
-0.082	-2.374
-0.082	-2.822
-0.082	-2.634
-0.082	-2.580
-0.082	-2.480
-0.082	-2.926
-0.082	-2.770
-0.082	-2.761
-0.082	-2.782
-0.082	-2.787
-0.082	-2.790
-0.082	-2.807
-0.082	-2.819
-0.082	-2.817
-0.082	-2.829
-0.082	-2.845
-0.082	-2.857
-0.082	-2.866
-0.082	-2.877
-0.082	-2.899
0.208	-2.896
0.208	-2.903
0.208	-2.920
0.208	-2.923
0.208	-2.929
0.208	-2.935
0.208	-2.952
0.208	-2.960
0.208	-2.968
0.208	-3.001
0.208	-3.002
0.208	-3.001
0.208	-3.010
0.208	-3.036
0.208	-3.034
0.458	-3.058
0.458	-3.047
0.458	-3.084
0.458	-3.067
0.458	-3.074
0.458	-3.099
0.458	-3.102
0.458	-3.108
0.458	-3.137
0.458	-3.140
0.458	-3.141
0.458	-3.145
0.458	-3.166
0.458	-3.160
0.458	-3.158
0.458	-3.191
0.458	-3.196
0.673	-3.205
0.673	-3.224
0.673	-3.238
0.673	-3.239
0.673	-3.241
0.673	-3.255
0.673	-3.272
0.673	-3.265
0.673	-3.278
0.673	-3.297
0.673	-3.300
0.673	-3.293
0.673	-3.310
0.673	-3.299
0.673	-3.318
0.949	-3.317
0.949	-3.332
0.949	-3.342
0.949	-3.329
0.949	-3.347
0.949	-3.338
0.949	-3.339
0.949	-3.343
0.949	-3.350
0.949	-3.358
0.949	-3.350
0.949	-3.361
0.949	-3.364
0.949	-3.350
0.949	-3.350
0.949	-3.352
0.949	-3.351
0.978	-3.354
0.978	-3.348
0.978	-3.352
0.978	-3.349
0.978	-3.354
0.978	-3.343
0.978	-3.350
0.978	-3.335
0.978	-3.344
0.978	-3.339
0.978	-3.331
0.978	-3.345
0.978	-3.334
0.978	-3.325
0.978	-3.345
0.977	-3.336
0.977	-3.341
0.977	-3.333
0.977	-3.342
0.977	-3.321
0.977	-3.328
0.977	-3.317
0.977	-3.327
0.977	-3.544
0.977	-2.985
0.977	-3.131
0.977	-8.943
0.977	5.780
0.977	1.900
0.977	0.206
0.977	-0.504
0.977	-0.764
0.977	-0.802
0.977	-0.752
0.977	-0.678
0.977	-0.606
0.977	-0.522
0.977	-0.470
0.977	-0.393
0.977	-0.360
0.977	-0.353
0.977	-0.339
0.977	-0.346
0.977	-0.358
0.977	-0.400
0.977	-0.464
0.977	-0.518
0.977	-0.607
1.154	-0.706
1.154	-1.026
1.154	-0.497
1.154	-0.693
1.154	-0.654
1.154	-0.293
1.154	-0.155
1.154	1.732
1.154	5.611
1.154	-9.140
1.154	-3.412
1.154	-3.426
1.154	-3.433
1.154	-3.433
1.154	-3.444
1.154	-3.458
1.154	-3.470
1.358	-3.483
1.358	-3.481
1.358	-3.490
1.358	-3.512
1.358	-3.521
1.358	-3.521
1.358	-3.550
1.358	-3.558
1.358	-3.578
1.358	-3.575
1.358	-3.578
1.358	-3.590
1.358	-3.579
1.358	-3.506
1.358	-3.356
1.358	-3.963
1.570	-3.751
1.570	-3.763
1.570	-3.769
1.570	-3.792
1.570	-3.785
1.570	-3.788
1.570	-3.818
1.570	-3.825
1.570	-3.836
1.570	-3.841
1.570	-3.852
1.570	-3.862
1.570	-3.867
1.570	-3.872
1.570	-3.888
1.570	-3.887
1.570	-3.891
1.805	-3.898
1.805	-3.904
1.805	-3.906
1.805	-3.910
1.805	-3.922
1.805	-3.914
1.805	-3.922
1.805	-3.933
1.805	-3.931
1.805	-3.915
1.805	-3.941
1.805	-3.938
1.805	-3.940
1.805	-3.924
1.909	-3.934
1.909	-3.946
1.909	-3.929
1.909	-3.935
1.909	-3.929
1.909	-3.923
1.909	-3.939
1.909	-3.925
1.909	-3.921
1.909	-3.926
1.909	-3.930
1.909	-3.923
1.909	-3.919
1.909	-4.159
1.909	-3.524
1.909	-3.686
1.909	-3.759
1.909	-3.792
1.872	-3.809
1.872	-3.807
1.872	-3.789
1.872	-3.798
1.872	-3.794
1.872	-3.795
1.872	-3.779
1.872	-3.786
1.872	-3.781
1.872	-3.782
1.872	-3.772
1.872	-3.775
1.872	-3.770
1.872	-3.774
1.872	-3.784
1.871	-3.780
1.871	-3.794
1.871	-3.794
1.871	-3.793
1.871	-3.807
1.871	-3.806
1.871	-3.810
1.871	-3.800
1.871	-3.769
1.871	-3.968
1.871	-3.138
1.871	-3.954
1.871	-3.787
1.871	-3.832
1.871	-3.840
1.871	-3.845
1.871	-3.851
1.871	-3.869
1.917	-3.859
1.917	-3.860
1.917	-3.862
1.917	-3.879
1.917	-3.868
1.917	-3.864
1.917	-3.887
1.917	-3.910
1.917	-3.915
1.917	-3.913
1.917	-3.933
1.917	-3.947
1.917	-3.961
1.917	-3.975
1.917	-3.987
2.133	-3.996
2.133	-4.004
2.133	-4.030
2.133	-4.026
2.133	-3.999
2.133	-3.932
2.133	-3.748
2.133	-4.443
2.133	-4.198
2.133	-4.198
2.133	-4.202
2.133	-4.217
2.133	-4.223
2.133	-4.227
2.133	-4.225
2.133	-4.233
2.321	-4.240
2.321	-4.519
2.321	-3.813
2.321	-4.020
2.321	-4.104
2.321	-4.143
2.321	-4.147
2.321	-4.159
2.321	-4.172
2.321	-4.170
2.321	-4.168
2.321	-4.172
2.321	-4.172
2.321	-4.176
2.321	-4.182
2.321	-4.187
2.387	-4.177
2.387	-4.175
2.387	-4.190
2.387	-4.199
2.387	-4.196
2.387	-4.209
2.387	-4.207
2.387	-4.219
2.387	-4.510
2.387	-3.781
2.387	-3.984
2.387	-4.065
2.387	-4.092
2.387	-4.084
2.387	-3.996
2.472	-3.817
2.472	-4.536
2.472	-4.248
2.472	-4.255
2.472	-4.251
2.472	-4.260
2.472	-4.257
2.472	-4.253
2.472	-4.255
2.472	-4.261
2.472	-4.255
2.472	-4.261
2.472	-4.260
2.472	-4.272
2.472	-4.273
2.472	-4.271
2.530	-4.275
2.530	-4.274
2.530	-4.285
2.530	-4.291
2.530	-4.255
2.530	-4.240
2.530	-4.146
2.530	-3.961
2.530	-4.688
2.530	-4.402
2.530	-4.393
2.530	-4.392
2.530	-4.384
2.530	-4.396
2.530	-4.395
2.530	-4.390
2.531	-4.392
2.531	-4.384
2.531	-4.383
2.531	-4.389
2.531	-4.383
2.531	-4.380
2.531	-4.372
2.531	-4.376
2.531	-4.369
2.531	-4.363
2.531	-4.362
2.531	-4.360
2.531	-4.358
2.531	-4.368
2.531	-4.365
2.531	-4.368
2.531	-4.362
2.530	-4.366
2.530	-4.368
2.530	-4.367
2.530	-4.369
2.530	-4.366
2.530	-4.362
2.530	-4.371
2.530	-4.384
2.530	-4.400
2.530	-4.405
2.530	-4.408
2.530	-4.406
2.530	-4.416
2.530	-4.419
2.530	-4.430
2.556	-4.441
2.556	-4.439
2.556	-4.458
2.556	-4.471
2.556	-4.477
2.556	-4.482
2.556	-4.510
2.556	-4.505
2.556	-4.524
2.556	-4.528
2.556	-4.549
2.556	-4.560
2.556	-4.565
2.556	-4.582
2.556	-4.588
2.556	-4.604
2.556	-4.614
2.840	-4.622
2.840	-4.642
2.840	-4.654
2.840	-4.672
2.840	-4.667
2.840	-4.681
2.840	-4.688
2.840	-4.694
2.840	-5.019
2.840	-4.226
2.840	-4.447
2.840	-4.559
2.840	-4.606
2.840	-4.612
2.840	-4.629
2.840	-4.626
3.006	-4.633
3.006	-4.644
3.006	-4.651
3.006	-4.657
3.006	-4.670
3.006	-4.665
3.006	-4.676
3.006	-4.688
3.006	-4.687
3.006	-4.701
3.006	-4.708
3.006	-4.723
3.006	-4.724
3.006	-4.750
3.006	-4.757
3.226	-4.758
3.226	-4.771
3.226	-4.778
3.226	-4.791
3.226	-4.794
3.226	-4.744
3.226	-4.669
3.226	-4.458
3.226	-5.274
3.226	-4.956
3.226	-4.965
3.226	-4.953
3.226	-4.974
3.226	-4.979
3.330	-4.982
3.330	-4.985
3.330	-4.983
3.330	-4.981
3.330	-4.978
3.330	-4.993
3.330	-4.997
3.330	-4.988
3.330	-4.984
3.330	-4.993
3.330	-5.002
3.330	-4.994
3.330	-5.002
3.330	-5.000
