60.000	-0.000
60.000	0.000
27.944	0.014
27.944	-0.005
28.058	-0.023
28.058	-0.047
28.058	-0.014
28.058	-0.033
28.058	-0.043
28.058	-0.054
28.058	-0.058
28.058	-0.070
28.058	-0.084
28.058	-0.098
28.058	-0.107
28.058	-0.115
28.058	-0.117
28.058	-0.129
28.058	-0.134
28.058	-0.151
28.211	-0.153
28.211	-0.167
28.211	-0.182
28.211	-0.194
28.211	-0.233
28.211	-0.178
28.211	-0.211
28.211	-0.231
28.211	-0.237
28.211	-0.258
28.211	-0.268
28.211	-0.284
28.211	-0.315
28.211	-0.301
28.211	-0.298
28.211	-0.286
28.211	-0.336
28.211	-0.319
28.211	-0.319
28.211	-0.323
28.211	-0.325
28.211	-0.332
28.211	-0.331
28.211	-0.338
28.246	-0.336
28.246	-0.342
28.246	-0.359
28.246	-0.358
28.246	-0.371
28.246	-0.371
28.246	-0.381
28.246	-0.379
28.246	-0.376
28.246	-0.388
28.246	-0.369
28.246	-0.448
28.246	-0.428
28.246	-0.431
28.246	-0.447
28.248	-0.459
28.248	-0.470
28.248	-0.484
28.248	-0.491
28.248	-0.514
28.248	-0.523
28.248	-0.540
28.248	-0.549
28.248	-0.575
28.248	-0.595
28.248	-0.628
28.248	-0.660
28.248	-0.682
28.248	-0.704
28.248	-0.729
28.248	-0.763
28.248	-0.795
28.205	-0.816
28.205	-0.858
28.205	-0.891
28.205	-0.928
28.205	-0.958
28.205	-1.000
28.205	-1.029
28.205	-1.055
28.205	-1.093
28.205	-1.113
28.205	-1.150
28.205	-1.196
28.205	-1.238
28.205	-1.276
28.205	-1.327
28.026	-1.362
28.026	-1.403
28.026	-1.448
28.026	-1.497
28.026	-1.554
28.026	-1.589
28.026	-1.640
28.026	-1.700
28.026	-1.741
28.026	-1.797
28.026	-1.849
28.026	-1.910
28.026	-1.964
28.026	-2.033
28.026	-2.074
28.026	-2.140
28.026	-2.182
28.095	-2.218
28.095	-2.264
28.095	-2.316
28.095	-2.360
28.095	-2.419
28.095	-2.469
28.095	-2.529
28.095	-2.601
28.095	-2.659
28.095	-2.704
28.095	-2.761
28.095	-2.805
28.095	-2.849
28.095	-2.902
28.095	-2.949
27.778	-2.987
27.778	-3.031
27.778	-3.069
27.778	-3.122
27.778	-3.155
27.778	-3.195
27.778	-3.217
27.778	-3.257
27.778	-3.292
27.778	-3.311
27.778	-3.334
27.778	-3.338
27.778	-3.373
27.778	-3.382
27.778	-3.411
27.778	-3.445
27.778	-3.465
27.134	-3.494
27.134	-3.516
27.134	-3.533
27.134	-3.547
27.134	-3.568
27.134	-3.566
27.134	-3.575
27.134	-3.601
27.134	-3.591
27.134	-3.609
27.134	-3.628
27.134	-3.629
27.134	-3.644
27.134	-3.660
27.134	-3.670
26.365	-3.676
26.365	-3.684
26.365	-3.695
26.365	-3.699
26.365	-3.721
26.365	-3.712
26.365	-3.725
26.365	-3.744
26.365	-3.761
26.365	-3.774
26.365	-3.778
26.365	-3.795
26.365	-3.813
26.365	-3.830
26.365	-3.845
26.365	-3.857
26.365	-3.871
26.365	-3.885
26.308	-3.906
26.308	-3.924
26.308	-3.948
26.308	-3.977
26.308	-4.300
26.308	-3.581
26.308	-3.809
26.308	-3.925
26.308	-3.995
26.308	-4.036
26.308	-4.063
26.308	-4.093
26.308	-4.120
26.308	-4.467
26.308	-3.683
26.308	-3.928
26.308	-4.052
26.308	-4.128
25.055	-4.172
25.055	-4.207
25.055	-4.240
25.055	-4.288
25.055	-4.328
25.055	-4.373
25.055	-4.400
25.055	-4.435
25.055	-4.470
25.055	-4.515
25.055	-4.548
25.055	-4.600
25.055	-4.625
25.055	-4.654
25.055	-4.652
25.055	-4.604
23.774	-4.434
23.774	-5.235
23.774	-4.962
23.774	-5.004
23.774	-5.043
23.774	-5.072
23.774	-5.464
23.774	-4.496
23.774	-5.074
23.774	-4.027
23.774	-5.170
23.774	-5.018
23.774	-5.104
23.774	-5.153
23.774	-5.181
23.774	-5.211
23.774	-5.232
23.774	-5.260
23.774	-5.294
23.633	-5.310
23.633	-5.351
23.633	-5.383
23.633	-5.414
23.633	-5.454
23.633	-5.503
23.633	-5.541
23.633	-6.026
23.633	-4.960
23.633	-5.307
23.633	-5.489
23.633	-5.595
23.633	-5.669
23.633	-5.730
23.633	-5.761
23.633	-5.756
23.633	-5.679
23.633	-5.427
22.795	-6.327
22.795	-5.745
22.795	-6.762
22.795	-6.450
22.795	-6.498
22.795	-6.559
22.795	-6.585
22.795	-6.663
22.795	-6.716
22.795	-6.777
22.795	-6.838
22.795	-6.891
22.795	-6.956
22.795	-6.997
22.795	-7.067
22.795	-7.119
22.795	-7.149
22.795	-7.144
21.415	-7.072
21.415	-6.824
21.415	-7.989
21.415	-7.619
21.415	-7.667
21.415	-7.729
21.415	-7.777
21.415	-7.827
21.415	-7.866
21.415	-7.927
21.415	-7.975
21.415	-8.017
21.415	-8.050
21.415	-8.647
21.415	-7.251
21.415	-7.655
21.415	-7.867
21.415	-8.522
21.415	-7.158
19.849	-7.551
19.849	-7.765
19.849	-7.868
19.849	-7.918
19.849	-7.956
19.849	-7.985
19.849	-8.020
19.849	-8.039
19.849	-8.068
19.849	-8.100
19.849	-8.142
19.849	-8.172
19.849	-8.221
19.849	-8.268
19.849	-8.317
19.016	-8.372
19.016	-8.423
19.016	-8.480
19.016	-8.567
19.016	-8.636
19.016	-8.679
19.016	-8.705
19.016	-8.703
19.016	-8.606
19.016	-8.281
19.016	-9.746
19.016	-9.179
19.016	-9.070
19.016	-8.764
19.016	-10.274
19.016	-9.789
19.016	-9.855
19.016	-9.919
19.016	-9.991
17.757	-10.059
17.757	-10.120
17.757	-10.197
17.757	-10.262
17.757	-10.344
17.757	-10.405
17.757	-10.482
17.757	-10.540
17.757	-10.617
17.757	-10.688
17.757	-10.752
17.757	-10.813
17.757	-10.887
17.757	-10.952
17.757	-10.990
16.242	-11.052
16.242	-11.115
16.242	-11.186
16.242	-12.020
16.242	-10.068
16.242	-10.647
16.242	-10.942
16.242	-11.090
16.242	-11.172
16.242	-11.234
16.242	-11.288
16.242	-11.331
16.242	-11.378
16.242	-11.427
16.242	-11.462
16.242	-11.504
16.242	-11.558
16.242	-11.605
16.242	-11.663
15.697	-11.713
15.697	-11.778
15.697	-11.838
15.697	-11.923
15.697	-11.987
15.697	-12.067
15.697	-12.152
15.697	-12.250
15.697	-12.335
15.697	-12.425
15.697	-12.507
15.697	-12.559
15.697	-12.555
15.697	-12.412
15.697	-11.980
14.588	-14.085
14.588	-13.411
14.588	-13.516
14.588	-13.625
14.588	-13.734
14.588	-13.839
14.588	-13.945
14.588	-14.049
14.588	-14.147
14.588	-14.243
14.588	-14.350
14.588	-14.446
14.588	-14.540
14.588	-14.640
14.588	-14.734
14.588	-14.830
14.588	-14.915
11.992	-14.999
11.992	-15.095
11.992	-15.175
11.992	-15.256
11.992	-15.342
11.992	-15.404
11.992	-15.480
11.992	-15.552
11.992	-15.626
11.992	-16.773
11.992	-14.076
11.992	-14.860
11.992	-15.245
11.992	-15.434
11.992	-15.540
11.789	-15.600
11.789	-15.639
11.789	-15.685
11.789	-15.721
11.789	-15.755
11.789	-15.792
11.789	-15.830
11.789	-15.877
11.789	-15.930
11.789	-15.991
11.789	-17.190
11.789	-14.318
11.789	-15.162
11.789	-15.561
11.789	-15.791
11.789	-15.921
11.789	-16.007
11.789	-16.079
11.347	-16.195
11.347	-16.297
11.347	-16.409
11.347	-16.487
11.347	-16.485
11.347	-16.282
11.347	-15.710
11.347	-18.618
11.347	-17.693
11.347	-17.819
11.347	-17.954
11.347	-18.088
11.347	-18.224
11.347	-18.367
11.347	-18.504
10.181	-18.650
10.181	-18.787
10.181	-18.930
10.181	-20.419
10.181	-16.977
10.181	-17.880
10.181	-18.073
10.181	-17.593
10.181	-20.705
10.181	-19.705
10.181	-19.832
10.181	-19.940
10.181	-20.063
10.181	-20.189
10.181	-20.334
10.181	-20.419
10.181	-20.523
10.181	-20.620
9.706	-20.679
9.706	-20.765
9.706	-20.852
9.706	-20.903
9.706	-20.966
9.706	-21.035
9.706	-21.103
9.706	-21.187
9.706	-21.281
9.706	-21.384
9.706	-21.493
9.706	-21.582
9.706	-21.611
9.706	-21.561
9.706	-21.296
9.505	-20.490
9.505	-24.162
9.505	-22.954
9.505	-23.110
9.505	-23.283
9.505	-23.432
9.505	-23.617
9.505	-23.799
9.505	-23.961
9.505	-24.119
9.505	-26.031
9.505	-21.675
9.505	-23.020
9.505	-23.695
9.505	-24.072
9.505	-24.308
9.058	-24.448
9.058	-24.563
9.058	-24.657
9.058	-24.752
9.058	-24.853
9.058	-24.965
9.058	-25.068
9.058	-25.173
9.058	-25.271
9.058	-25.371
9.058	-25.476
9.058	-25.577
9.058	-25.650
9.058	-25.692
9.058	-25.743
8.809	-25.758
8.809	-25.777
8.809	-25.798
8.809	-25.774
8.809	-25.762
8.809	-25.661
8.809	-25.488
8.809	-25.169
8.809	-24.539
8.809	-23.191
8.809	-27.471
8.809	-25.533
8.809	-25.283
8.809	-24.975
8.809	-24.668
8.809	-24.340
8.809	-24.031
9.009	-23.679
9.009	-23.463
9.009	-23.101
9.009	-22.777
9.009	-22.440
9.009	-22.079
9.009	-21.685
9.009	-21.249
9.009	-20.805
9.009	-20.355
9.009	-19.914
9.009	-19.462
9.009	-19.000
9.009	-18.526
9.009	-18.047
9.009	-17.549
9.009	-17.051
10.764	-16.517
10.764	-15.989
10.764	-15.442
10.764	-14.875
10.764	-14.307
10.764	-13.768
10.764	-13.275
10.764	-12.741
10.764	-12.248
10.764	-11.805
10.764	-11.380
10.764	-10.971
10.764	-10.840
10.764	-9.717
10.764	-9.434
10.764	-9.176
18.070	-8.789
18.070	-8.399
18.070	-8.013
18.070	-7.655
18.070	-7.324
18.070	-7.000
18.070	-6.692
18.070	-6.382
18.070	-6.086
18.070	-5.833
18.070	-5.588
18.070	-5.338
18.070	-5.120
18.070	-4.912
18.070	-4.745
18.070	-4.574
18.070	-4.440
24.807	-4.332
24.807	-4.214
24.807	-4.118
24.807	-4.041
24.807	-3.952
24.807	-3.886
24.807	-3.801
24.807	-3.712
24.807	-3.553
24.807	-3.456
24.807	-4.086
24.807	-3.690
24.807	-3.657
24.807	-3.602
24.807	-3.548
26.035	-3.504
26.035	-3.481
26.035	-3.450
26.035	-3.402
26.035	-3.351
26.035	-3.298
26.035	-3.268
26.035	-3.228
26.035	-3.381
26.035	-2.912
26.035	-2.992
26.035	-3.022
26.035	-2.999
26.035	-2.978
26.035	-2.938
26.035	-2.898
26.035	-2.864
28.110	-2.833
28.110	-2.774
28.110	-2.742
28.110	-2.704
28.110	-2.657
28.110	-2.616
28.110	-2.577
28.110	-2.406
28.110	-2.471
28.110	-2.461
28.110	-2.424
28.110	-2.425
28.110	-2.428
28.110	-2.418
28.110	-2.392
28.110	-2.371
28.380	-2.360
28.380	-2.350
28.380	-2.344
28.380	-2.314
28.380	-2.241
28.380	-2.106
28.380	-2.542
28.380	-2.354
28.380	-2.330
